191	82	83	19	27	69	6	172	79	41	178	242	245	246	276	277	278	154	129	82	134	235	8	147	147	271	60	28	160	195	221	272	262	197	229	121	93	27	75	210	211	69	171	1	110	112	159	244	244	84	1	207	207	132	14	139	140	68	67	167	268	267	95	178	177	272	271	60	157	249	76	224	225	297	111	6	5	230	49	28	274	278	29	125	270	65	65	141	18	200	253	200	201	247	124	178	64	194	76	77	299	183	172	160	42	33	20	92	201	260	261	202	5	286	202	54	55	121	263	198	241	242	299	52	253	148	149	150	
224	62	52	52	53	37	38	173	110	109	291	241	242	280	234	43	161	159	170	214	142	234	256	146	148	270	201	29	30	92	271	176	289	88	83	166	60	32	62	270	112	68	78	174	91	111	47	133	13	2	68	148	206	15	275	140	287	149	290	109	205	151	95	179	179	161	159	26	36	37	248	146	221	220	296	153	194	243	215	49	48	183	146	271	130	269	64	66	199	174	234	199	289	31	43	299	195	237	167	78	218	287	210	274	205	135	126	125	16	104	203	201	202	146	49	53	50	193	292	244	14	242	242	87	7	172	151	152	
225	226	52	51	280	38	36	124	130	128	223	228	279	233	274	144	150	277	223	68	232	193	236	116	115	11	271	243	91	67	282	207	33	31	89	5	167	266	63	113	21	94	175	1	140	279	112	18	134	135	139	68	147	248	195	288	141	291	111	112	154	150	95	94	180	162	197	198	42	246	246	147	27	155	152	295	163	216	244	216	143	184	53	194	81	112	219	67	222	200	197	233	290	6	156	274	208	261	77	79	120	249	167	275	182	91	30	203	23	193	211	203	202	250	251	80	54	39	258	259	15	15	249	248	79	178	179	49	
226	116	139	8	15	159	37	130	129	283	127	224	280	280	292	143	83	1	67	222	25	40	23	278	270	270	12	92	92	283	68	179	270	32	153	42	192	11	197	249	93	20	247	0	12	113	278	248	209	192	193	148	195	194	204	176	106	241	284	75	155	153	249	278	218	217	104	105	106	275	245	291	157	26	221	293	213	106	169	142	213	158	207	18	277	282	113	118	173	221	199	198	195	291	275	209	79	262	295	294	80	274	276	276	62	202	132	185	289	209	204	212	64	175	192	231	81	259	218	257	225	16	97	64	177	272	72	244	
87	217	9	172	172	8	191	23	283	282	153	203	172	0	283	144	243	142	143	101	102	24	279	280	107	169	69	206	286	6	123	1	178	97	9	113	43	88	196	88	87	185	214	248	108	53	256	292	191	202	201	81	149	73	254	53	168	279	242	171	172	17	286	287	172	103	174	247	271	93	155	76	110	88	48	220	107	111	168	158	157	209	47	58	65	140	239	240	119	120	272	38	107	5	4	237	263	91	53	196	147	171	170	59	201	194	184	25	208	164	261	63	15	17	17	8	40	45	75	258	226	17	70	96	105	175	73	118	
275	40	248	171	62	160	63	266	115	111	202	202	171	154	149	203	60	144	112	102	276	28	281	221	266	70	207	66	65	23	7	31	63	239	30	155	154	131	160	296	88	184	103	213	44	264	164	163	203	19	82	151	70	181	74	28	29	217	143	170	180	247	61	165	166	153	186	146	272	272	273	80	150	87	276	43	112	75	98	169	279	48	215	57	296	238	239	77	10	9	39	50	93	204	165	6	238	239	27	166	254	255	170	190	232	275	53	32	78	165	118	170	203	43	18	294	200	36	205	191	106	220	204	241	122	118	117	245	
154	276	19	83	53	54	294	265	90	203	203	237	153	172	5	259	115	262	227	168	180	133	64	136	265	108	108	96	118	124	12	215	214	76	29	93	118	132	268	295	4	37	132	261	179	43	93	90	115	181	83	253	152	75	35	201	293	218	216	40	98	248	224	60	61	179	126	73	182	264	211	297	206	151	132	218	188	291	296	278	280	190	12	214	135	43	138	172	94	208	51	94	207	164	274	52	173	154	256	241	124	171	248	129	226	240	274	292	274	73	74	1	81	42	288	138	31	199	162	226	213	104	181	22	23	243	235	67	
28	246	44	52	205	55	283	282	29	29	4	236	237	9	253	258	205	228	121	237	199	132	185	19	108	107	108	192	123	157	87	88	177	215	260	261	81	82	269	182	4	3	38	262	206	144	85	187	216	84	100	101	57	45	46	91	90	265	132	106	123	279	174	27	61	35	191	96	263	166	265	188	13	205	148	97	295	187	253	295	189	152	153	11	176	100	47	120	61	235	245	244	208	272	273	109	108	269	180	163	10	249	172	241	51	38	238	291	273	72	259	274	118	274	286	263	179	218	206	207	208	44	182	183	243	242	66	67	
117	116	227	47	204	56	222	223	29	28	43	3	238	57	56	223	109	122	163	34	261	69	133	109	110	101	114	124	191	133	216	244	108	206	178	284	6	297	286	224	194	4	151	146	145	74	144	156	22	88	16	56	44	253	261	260	297	266	264	109	280	41	173	232	141	297	296	297	123	95	189	278	204	179	80	114	292	296	252	57	98	55	205	71	99	233	269	1	241	246	234	235	233	271	164	76	193	298	164	7	208	250	283	243	39	182	15	67	274	211	81	275	211	218	299	264	148	24	207	208	209	285	184	156	244	244	55	114	
128	167	84	87	152	37	221	284	285	70	259	248	4	253	254	189	222	243	162	150	99	134	133	134	110	102	66	99	41	192	245	252	194	205	177	7	8	5	181	60	3	193	221	169	297	296	155	157	51	76	15	253	252	86	87	172	159	260	7	100	39	3	40	213	214	26	25	298	122	43	202	242	203	204	30	64	131	132	108	294	99	58	146	72	205	109	142	245	137	128	169	102	135	245	121	49	77	114	138	6	208	282	192	167	242	16	54	55	68	80	256	98	113	89	300	110	25	102	197	144	143	171	76	245	176	69	241	35	
256	61	44	206	105	104	272	222	286	71	69	260	91	171	139	255	73	220	41	163	209	276	292	111	112	170	135	158	100	228	193	10	277	198	8	166	167	45	44	180	93	19	222	223	25	131	162	172	158	16	118	250	14	181	32	298	184	158	54	216	299	121	120	50	151	266	270	121	160	161	298	292	115	270	63	132	133	22	236	118	117	228	73	45	185	269	95	61	73	128	57	220	178	62	139	13	31	211	171	199	177	193	23	188	189	61	68	272	115	116	64	157	278	156	123	26	162	267	268	240	170	47	255	123	124	215	259	36	
118	257	258	236	90	273	258	213	55	177	76	199	91	90	172	154	241	54	164	280	209	208	293	293	113	114	54	157	110	26	227	220	197	185	9	9	168	198	199	94	270	247	180	26	42	73	17	190	24	23	39	61	192	33	36	37	140	139	87	201	181	194	108	259	265	265	163	205	129	137	75	114	232	238	254	205	283	23	131	15	229	227	229	266	184	94	60	96	171	127	41	165	221	63	1	32	32	57	210	239	183	182	194	127	18	69	62	128	230	81	124	137	279	103	295	124	200	199	268	241	189	285	157	244	41	162	260	240	
209	203	202	235	96	91	257	54	178	178	24	277	120	205	59	58	153	32	281	266	17	294	47	127	263	54	53	299	298	299	221	257	219	128	73	80	113	81	80	124	248	48	51	36	98	16	1	143	1	46	242	191	62	164	37	104	153	65	66	22	197	109	195	258	8	9	266	162	163	37	136	110	260	182	245	253	282	17	146	223	245	188	267	268	80	201	164	59	30	32	42	198	164	262	224	198	111	206	220	184	184	183	43	108	63	145	191	141	299	82	125	166	280	225	226	179	284	200	34	45	190	261	245	40	17	101	71	4	
127	283	282	71	82	157	190	12	85	276	160	161	148	60	60	140	210	78	115	202	16	67	46	166	211	155	160	147	36	72	48	246	245	243	292	291	112	114	82	239	36	36	49	142	121	2	111	79	238	90	243	192	63	52	282	70	190	189	286	183	140	141	237	238	150	9	10	164	147	137	9	148	12	125	246	283	229	37	156	15	171	246	247	269	222	90	60	60	146	129	219	165	250	14	163	133	145	110	135	134	249	184	185	30	153	192	6	140	158	79	10	126	165	227	123	285	180	35	35	191	46	262	279	16	59	260	102	216	
128	248	285	216	120	261	135	256	92	93	159	147	154	61	297	147	281	116	219	197	223	160	140	47	255	45	159	196	71	279	47	130	253	66	293	173	173	173	257	37	62	238	124	50	70	102	235	250	156	148	147	0	153	53	283	9	146	147	163	155	103	247	224	276	9	149	200	48	135	134	186	259	147	126	134	148	147	39	95	261	268	248	248	248	131	27	107	6	27	220	221	166	123	288	190	189	144	6	136	153	84	85	199	186	275	62	70	7	100	44	45	99	280	217	163	247	80	97	112	36	192	4	17	53	261	53	21	214	
230	286	2	11	12	122	161	160	212	212	212	259	17	296	146	147	177	296	65	175	9	235	92	172	26	256	221	158	9	130	69	21	86	95	278	48	172	257	256	203	67	73	125	45	45	222	7	7	79	267	114	265	152	54	1	41	255	299	19	174	38	64	87	223	275	273	274	199	156	136	243	74	127	148	149	205	204	34	185	267	249	158	293	132	109	108	26	27	101	102	266	248	183	184	277	190	14	82	191	85	4	38	37	153	154	106	63	204	45	126	5	65	51	273	7	230	268	79	113	113	66	208	5	3	52	54	65	20	
263	3	116	102	160	204	30	45	211	2	3	146	291	219	36	94	297	149	134	186	235	234	13	13	171	132	5	18	51	141	68	130	273	72	164	116	58	63	269	154	68	104	180	30	44	86	6	122	282	260	113	264	63	173	220	254	111	300	300	166	147	39	97	236	144	276	274	197	200	155	156	134	262	158	230	231	120	226	264	282	283	292	203	247	109	129	149	150	102	112	113	85	99	246	300	297	131	213	251	192	152	153	39	155	296	28	28	210	155	146	66	64	65	197	78	231	233	223	97	220	60	59	60	238	55	53	125	5	
147	262	203	159	101	31	44	45	65	161	122	1	0	124	271	272	226	257	256	55	43	205	166	12	29	6	133	160	264	1	283	201	114	268	201	202	59	288	268	269	270	235	29	172	280	252	264	283	121	168	237	170	241	291	159	213	67	66	178	146	167	40	235	98	279	144	275	198	43	152	125	219	202	33	232	229	121	229	29	158	279	200	123	138	128	93	151	99	151	152	111	100	86	299	153	179	100	79	250	193	151	154	154	289	36	27	251	191	197	196	156	123	66	273	196	93	222	234	273	11	114	127	29	161	161	56	198	20	
119	1	5	160	37	3	261	299	300	162	197	299	234	1	2	227	273	178	59	42	54	254	178	28	13	7	215	263	161	58	57	218	258	219	188	189	296	146	37	75	236	278	279	281	173	38	253	211	243	169	98	242	211	271	8	15	92	3	44	249	155	41	42	280	276	278	201	202	203	287	83	286	81	233	281	122	123	154	30	280	278	208	201	92	27	289	157	265	240	112	196	101	7	139	152	93	94	241	287	94	154	190	145	146	120	119	4	271	134	157	38	39	202	197	94	91	92	11	75	74	128	286	139	160	120	283	282	0	
267	268	41	40	129	197	104	300	301	196	114	44	298	233	2	274	158	2	159	158	78	82	81	261	262	117	259	74	38	88	120	270	85	70	14	20	242	273	202	201	29	280	281	267	39	78	37	254	212	97	68	227	222	71	285	16	16	4	45	45	154	30	260	44	123	59	279	30	204	260	84	111	54	140	106	282	155	67	157	31	151	275	203	26	13	71	151	93	241	156	155	108	169	260	104	105	137	159	158	163	191	116	218	147	264	263	226	36	224	29	154	275	199	91	90	112	0	194	108	167	171	286	111	132	161	283	258	182	
74	32	210	130	277	101	110	109	302	167	72	71	191	190	61	87	240	95	135	244	83	84	187	210	117	249	260	73	39	252	276	281	185	15	145	199	255	75	272	144	30	233	7	282	40	78	204	205	221	116	131	228	221	284	33	244	58	207	153	40	2	218	259	261	76	45	44	29	117	118	85	165	30	139	67	60	149	229	44	249	152	150	211	229	12	59	150	147	266	88	89	168	20	44	31	267	134	133	134	104	192	190	191	269	265	119	118	130	37	95	193	274	235	91	64	122	195	202	166	109	227	244	135	11	162	1	189	259	
111	73	174	134	139	150	110	261	12	115	177	78	294	128	250	168	46	136	136	221	190	188	266	91	250	250	149	269	273	253	98	211	184	135	35	198	5	273	273	145	26	6	111	288	19	266	267	205	56	117	242	297	23	86	34	224	100	129	41	1	263	260	174	195	194	48	54	112	81	24	297	296	29	30	233	32	295	100	211	63	295	178	204	166	167	144	146	139	107	20	117	169	131	196	45	203	59	58	135	20	57	193	270	268	266	252	175	202	140	38	194	192	166	236	237	238	239	287	33	167	168	257	10	51	41	40	284	190	
271	110	141	214	184	61	151	11	262	116	114	148	167	293	259	251	42	217	220	58	189	49	47	168	126	251	219	150	260	259	254	41	136	190	163	4	90	112	274	134	146	246	296	238	2	268	267	268	44	55	243	298	133	56	223	74	225	179	63	268	2	60	61	173	132	201	113	268	54	197	242	297	269	293	292	227	123	132	73	239	298	89	203	64	165	145	195	296	295	106	220	219	197	241	73	43	59	137	19	105	194	194	68	169	207	163	164	191	165	30	270	202	237	13	235	19	37	118	286	70	71	86	52	56	66	155	141	196	
271	225	140	106	86	141	62	299	298	60	115	276	277	120	221	206	252	278	59	60	213	67	195	74	296	234	289	170	228	227	193	194	235	182	189	124	154	246	17	18	78	62	267	239	71	180	269	206	81	227	95	68	297	177	178	106	278	214	215	256	158	128	278	234	235	201	101	158	271	78	224	268	298	157	0	124	125	200	218	72	254	83	61	102	222	43	44	219	155	162	154	220	7	232	168	281	48	207	20	106	134	135	67	106	105	255	165	166	2	30	105	283	282	234	15	296	173	27	298	92	179	85	237	53	65	184	195	296	
226	226	43	33	32	63	216	217	300	175	118	127	206	64	225	220	119	62	253	43	61	62	266	27	112	46	135	291	268	44	250	194	64	183	117	190	235	218	71	18	139	250	8	237	1	163	248	272	163	138	140	94	178	57	213	233	279	216	264	158	159	212	167	43	44	232	187	222	66	209	223	278	269	156	11	161	210	152	199	240	185	184	82	80	101	183	220	76	75	156	0	73	182	178	163	169	208	69	224	35	119	172	173	107	121	166	167	167	167	1	284	284	2	16	235	299	141	128	129	297	242	90	234	12	54	55	185	196	
164	92	237	74	75	286	215	218	279	131	139	126	219	98	99	118	68	133	55	99	42	115	248	256	178	194	131	151	132	137	136	233	232	116	118	172	227	4	197	112	140	232	264	7	164	218	250	46	145	141	95	95	58	214	232	214	215	30	192	228	213	166	267	266	231	41	236	222	221	65	277	169	286	285	81	115	80	43	283	273	274	289	48	83	234	233	118	140	141	190	268	199	210	177	162	202	200	249	36	6	144	168	108	285	7	52	267	28	168	252	177	171	3	4	288	255	300	235	127	135	128	268	28	199	121	25	257	197	
88	77	88	73	297	158	172	197	185	280	196	93	220	99	38	12	149	245	256	43	114	126	257	120	70	176	172	227	256	255	215	131	65	127	236	115	207	140	168	126	111	206	233	70	165	138	241	242	148	46	163	116	73	95	159	226	31	216	193	269	268	177	128	55	233	235	46	222	222	131	170	297	33	127	80	96	95	44	272	274	128	256	180	47	213	229	117	117	139	218	55	205	112	161	226	247	201	226	203	145	229	143	121	268	190	70	214	27	189	65	171	170	146	96	97	77	76	12	234	203	55	45	29	29	120	243	150	191	
75	87	221	233	298	242	75	198	37	209	10	190	223	222	158	148	6	7	255	115	44	24	202	44	232	171	172	257	156	187	161	0	59	66	185	248	193	1	62	50	184	255	69	255	169	45	107	265	147	148	122	147	181	96	152	264	34	103	102	75	270	55	178	35	222	223	90	199	15	299	221	32	262	156	225	86	10	72	273	274	275	276	76	56	76	75	161	163	191	87	292	3	162	213	160	161	130	107	108	30	228	281	94	248	71	71	72	274	177	281	126	8	145	95	96	77	11	235	140	196	46	184	12	297	117	239	3	66	
8	217	69	232	299	74	234	76	299	157	189	38	223	214	188	123	8	31	86	210	45	117	39	195	169	122	3	176	73	205	287	171	67	68	74	20	0	246	2	271	270	212	254	256	257	97	108	266	111	235	234	193	68	291	292	151	263	35	206	91	212	196	32	143	142	89	200	115	161	85	30	112	113	113	101	262	263	9	274	276	145	163	57	75	4	76	162	221	221	216	4	271	212	163	214	81	162	288	289	263	163	9	14	249	250	275	267	75	275	201	80	127	115	270	79	243	78	111	85	249	195	277	276	13	117	116	106	147	
92	93	72	233	172	158	148	235	95	254	140	153	222	224	222	222	124	258	209	218	217	41	138	194	272	176	177	169	74	264	54	259	265	90	191	170	291	3	14	285	230	255	29	177	103	102	218	117	53	54	194	66	195	118	228	152	153	66	30	127	19	283	43	30	122	261	23	134	213	171	63	31	112	283	100	192	10	264	10	264	277	138	149	76	193	194	272	222	230	5	180	181	131	32	196	82	80	273	222	107	201	202	229	211	274	70	297	287	288	141	29	205	28	269	116	78	161	12	67	167	37	271	14	14	30	29	265	107	
94	81	81	1	289	270	26	191	257	139	55	175	79	223	223	19	72	211	119	104	110	127	260	2	46	143	165	204	2	53	258	159	205	91	192	259	7	13	284	285	249	134	96	79	80	290	289	217	218	148	119	214	67	195	119	227	13	67	103	31	282	132	206	77	76	24	22	139	172	172	62	291	294	136	284	193	274	101	263	290	48	278	263	194	51	241	80	167	137	88	234	235	234	111	252	89	90	255	141	18	248	202	203	228	13	233	106	176	9	30	64	63	186	117	268	267	79	13	26	81	38	93	272	275	285	270	158	206	
82	80	113	26	84	291	245	59	79	256	54	228	130	112	111	112	222	223	89	119	158	109	91	208	47	89	69	254	247	235	252	251	293	265	266	274	8	52	14	288	299	263	78	135	238	38	256	156	105	176	175	40	13	196	52	42	57	50	49	264	32	67	45	205	41	64	227	138	140	112	63	137	290	221	135	273	102	132	36	66	177	44	195	167	195	240	206	79	166	112	172	248	249	159	90	89	88	41	50	147	147	20	203	167	21	234	177	175	296	65	115	114	231	269	266	182	268	69	25	39	14	283	190	289	57	142	159	160	
81	221	81	85	250	149	148	127	227	228	148	216	12	257	41	42	102	123	146	107	108	90	107	48	189	142	175	148	246	234	236	13	264	238	75	270	271	189	297	64	168	263	220	245	147	175	257	241	89	6	126	43	14	53	31	58	177	163	162	256	263	147	68	46	68	42	10	154	107	203	299	64	97	25	24	156	174	186	294	35	199	178	168	223	73	11	205	11	42	41	173	21	252	160	245	7	90	26	288	56	146	240	13	166	168	22	23	176	177	295	267	158	244	270	229	126	115	285	16	36	154	284	293	97	155	160	167	67	
220	190	239	251	252	149	1	51	266	24	23	249	283	214	213	43	73	90	65	227	193	144	210	46	46	80	80	296	164	118	237	83	14	15	84	151	190	296	284	263	262	9	9	219	12	184	286	242	240	211	5	145	44	30	114	197	45	24	106	265	67	152	175	176	170	3	114	9	283	298	6	81	23	19	127	10	157	40	72	200	48	291	96	224	222	244	172	12	29	203	88	88	280	292	267	245	269	143	211	274	89	274	240	43	170	237	21	298	299	150	268	75	55	56	127	294	225	58	31	139	6	134	292	277	161	166	79	32	
193	103	165	183	253	20	2	50	25	126	250	45	20	284	215	213	44	93	220	204	127	168	209	159	238	293	79	274	117	238	238	238	234	34	250	21	242	241	23	275	121	8	45	140	119	267	266	267	95	185	146	269	293	32	31	220	20	23	27	74	119	151	224	117	175	201	2	114	176	5	82	187	195	73	139	107	249	248	201	47	290	236	237	288	117	136	173	56	120	265	87	89	33	51	246	177	244	41	217	88	214	69	34	173	272	271	263	297	83	269	76	0	113	128	50	46	47	168	228	89	293	236	278	48	10	78	33	13	
145	90	290	5	199	19	297	138	51	26	88	104	36	79	206	249	171	45	37	288	99	207	118	239	243	292	62	138	98	150	239	219	284	233	20	292	242	73	56	120	204	183	294	118	132	267	86	45	290	291	184	215	16	258	80	81	168	163	231	26	138	118	261	32	13	205	176	175	6	84	83	186	73	72	235	108	108	109	223	151	295	51	83	142	139	56	55	119	266	231	232	203	249	256	39	26	42	192	140	296	178	215	121	277	273	264	265	266	267	122	58	112	4	63	296	203	48	169	170	70	292	252	234	235	263	287	142	87	
89	90	283	131	39	197	34	137	252	269	37	103	188	187	217	172	55	38	278	208	208	4	193	111	112	197	137	111	139	58	162	81	142	239	161	293	276	162	57	228	191	182	188	284	119	62	57	75	74	169	265	155	275	166	77	82	147	148	127	27	24	260	37	135	134	177	287	199	221	197	109	177	176	45	17	200	127	110	160	296	88	296	50	112	141	140	120	153	154	255	163	196	197	77	256	154	27	141	128	191	190	83	73	69	265	266	267	268	269	207	32	135	279	255	254	204	101	214	14	58	206	110	152	283	236	162	97	175	
227	7	95	92	198	35	196	15	23	86	37	189	190	215	270	155	65	114	30	88	111	109	194	112	113	265	57	138	140	140	82	80	266	160	283	260	88	52	183	146	122	37	216	217	155	50	41	58	101	220	168	222	87	167	222	164	152	8	298	299	244	25	200	174	153	87	200	51	101	34	157	178	157	274	104	293	0	111	19	217	297	273	194	171	290	291	7	128	24	25	197	162	257	255	105	269	142	205	129	127	18	120	165	43	42	277	253	249	113	206	193	40	61	24	71	39	19	167	272	57	188	119	122	262	68	67	96	88	
191	192	8	97	110	13	108	285	286	282	38	119	124	271	126	269	102	196	119	50	277	0	246	247	248	114	134	139	245	83	141	142	272	269	88	87	264	170	249	115	166	190	191	133	12	89	233	40	276	33	208	125	104	88	53	33	34	182	299	172	278	187	89	11	253	133	86	169	89	31	47	158	260	71	296	221	292	20	216	242	71	273	272	160	198	289	129	178	190	161	272	163	256	258	199	196	250	98	89	56	257	109	74	166	279	223	276	108	4	120	118	230	148	23	230	38	155	271	168	243	244	175	261	32	207	208	89	89	
202	9	257	98	96	109	8	210	123	265	70	152	151	51	272	61	197	32	225	78	102	285	1	170	249	140	141	246	251	151	278	50	191	90	46	88	107	295	200	158	56	81	190	191	124	280	214	38	34	182	147	79	89	149	136	267	181	49	267	5	84	262	199	90	17	203	129	104	63	46	224	230	231	74	75	293	265	113	258	70	241	20	111	220	221	215	299	120	61	207	208	164	269	103	94	251	120	78	57	61	238	12	4	280	262	277	277	4	3	117	149	149	19	147	5	174	88	257	177	84	104	90	132	16	17	42	90	90	
203	2	186	99	97	32	99	9	211	14	15	257	52	148	186	257	279	74	221	68	101	102	2	222	247	250	249	0	252	250	268	51	140	247	89	51	263	106	79	78	155	80	249	109	110	135	98	178	179	112	183	128	121	150	251	64	12	48	219	10	238	85	37	36	120	75	129	88	230	64	68	225	75	202	242	272	75	266	257	114	113	265	286	287	282	298	86	154	215	209	7	118	273	290	104	105	151	112	77	60	104	72	89	132	161	201	199	278	184	234	128	150	18	152	257	61	62	159	73	83	61	133	102	233	43	275	43	19	
48	31	137	291	290	161	45	100	212	126	172	74	32	53	9	182	185	151	75	201	102	3	159	85	221	296	29	225	76	251	296	139	140	141	246	70	62	102	101	174	175	18	104	121	120	136	28	195	140	180	137	135	134	76	75	252	56	52	72	73	50	38	221	37	137	209	21	89	186	23	234	29	220	268	203	204	120	243	290	36	79	58	288	183	33	176	268	155	216	216	118	117	61	44	105	194	111	201	92	105	33	36	154	234	131	132	94	95	141	129	227	226	151	60	25	63	160	160	74	181	275	99	237	175	232	274	135	252	
299	250	32	285	171	12	162	238	34	70	184	258	31	18	183	188	100	41	228	137	119	195	114	202	222	191	26	77	173	252	286	161	161	162	163	85	86	103	116	152	288	19	196	177	137	205	126	139	292	142	53	171	136	140	121	55	56	168	23	74	49	48	38	193	159	136	92	192	187	159	235	219	190	247	267	121	63	64	239	175	53	54	244	270	186	241	245	156	157	28	29	289	290	60	83	294	111	110	91	106	32	32	135	37	229	38	133	252	27	298	44	184	183	74	75	174	146	82	27	237	180	108	174	175	1	108	287	217	
141	171	286	46	122	211	95	35	162	161	71	259	259	184	152	251	35	39	269	236	138	113	169	223	276	138	127	126	78	196	16	287	87	77	160	215	104	194	195	270	97	236	55	262	64	159	288	267	192	18	54	294	84	122	127	64	295	37	263	174	75	107	266	39	39	41	251	23	158	221	137	178	32	228	11	179	62	240	5	6	115	174	253	140	121	246	247	157	68	18	82	237	238	133	61	21	164	164	118	101	31	159	160	203	37	228	298	298	299	299	295	259	22	184	76	43	95	132	52	28	299	184	43	176	273	211	124	288	
245	140	1	37	88	89	77	64	56	216	199	17	71	70	233	258	164	123	79	158	104	103	48	87	167	278	6	238	127	195	33	86	159	126	111	166	165	69	116	248	160	107	7	81	245	287	143	72	110	198	64	65	144	145	63	294	37	296	262	38	106	27	292	47	14	273	59	159	183	138	71	39	229	33	172	12	153	147	241	233	48	173	39	207	120	163	231	202	76	12	71	70	89	35	54	99	98	165	117	83	84	158	204	8	20	1	297	300	58	153	33	21	212	76	77	77	195	66	29	66	156	204	288	274	28	249	206	135	
117	264	2	109	55	139	13	193	194	55	247	72	176	177	42	257	258	163	159	279	278	77	21	238	64	138	277	278	260	244	221	143	20	19	110	96	228	229	249	200	247	150	82	278	88	142	288	289	109	65	176	233	234	16	159	260	156	263	259	205	189	293	294	29	267	268	107	184	177	178	139	16	136	213	214	93	154	162	299	111	232	49	113	170	241	159	160	2	243	241	135	113	285	53	173	73	32	50	118	84	294	28	146	145	238	151	296	149	57	99	22	145	47	4	170	34	203	65	86	24	124	169	297	295	27	78	220	60	
39	136	105	159	16	15	192	18	278	11	220	296	4	3	43	210	5	133	262	263	291	290	22	95	206	184	261	193	0	74	235	8	7	48	125	274	227	263	127	155	141	48	279	255	80	79	203	110	219	177	234	162	234	16	195	280	202	176	206	43	58	294	28	266	182	183	72	106	176	140	16	15	245	145	124	147	94	163	75	97	233	97	284	219	72	177	231	230	231	143	102	114	108	154	37	111	49	33	3	74	289	223	53	226	32	59	73	297	98	176	254	48	170	169	10	244	178	95	119	79	236	254	25	28	94	165	148	3	
226	135	264	160	17	223	272	277	279	279	173	53	52	284	4	175	19	18	84	213	57	13	49	48	80	73	172	70	187	186	187	20	9	15	287	165	74	132	44	176	39	292	293	40	48	291	292	204	105	180	205	217	98	64	65	196	31	109	108	118	57	230	3	4	220	183	270	71	72	141	17	119	29	167	118	166	159	150	190	231	96	99	184	73	195	14	283	231	227	250	9	210	201	231	232	152	110	114	115	2	224	115	213	77	120	141	58	74	89	153	154	63	171	22	177	249	286	30	120	80	128	7	129	125	267	166	167	286	
225	263	136	96	23	221	221	61	81	111	54	53	285	287	283	76	257	105	293	83	114	276	168	167	276	47	33	173	223	113	219	218	108	68	151	150	151	83	23	175	263	38	263	243	39	185	93	210	230	179	4	88	97	96	123	58	46	18	109	179	101	58	290	298	221	79	80	271	8	149	118	202	99	8	167	108	109	181	295	294	299	300	183	55	235	240	250	284	178	61	66	127	211	232	86	76	179	191	283	225	172	214	116	119	140	191	82	93	101	90	230	50	237	269	254	62	27	229	284	127	296	297	126	37	94	95	23	22	
264	59	60	56	95	244	268	60	80	110	111	126	113	112	286	31	156	43	62	250	243	277	169	109	253	175	48	244	148	149	114	201	202	174	69	184	183	84	22	176	19	262	131	264	91	120	21	151	229	231	49	50	95	124	57	40	3	260	180	283	100	211	110	267	64	6	130	224	50	49	205	159	7	8	67	110	135	20	13	26	298	10	11	54	164	83	96	134	243	251	98	88	87	296	297	47	52	51	202	183	226	250	134	52	85	83	83	287	94	120	55	56	53	144	145	250	139	165	128	295	22	127	287	274	104	220	219	225	
62	61	57	58	53	54	243	139	242	95	268	93	261	278	287	287	186	72	38	158	136	244	278	41	6	120	66	280	264	145	208	203	270	271	175	212	80	137	164	249	248	236	100	276	240	277	138	230	152	131	50	51	164	12	4	5	8	23	12	156	30	31	259	101	179	178	223	282	204	50	148	149	158	159	68	1	109	249	291	261	261	55	149	254	54	259	133	74	242	137	99	97	112	57	183	184	234	157	191	158	69	70	201	200	84	125	233	212	288	119	196	131	52	106	143	243	244	270	129	130	23	21	271	234	150	105	221	231	
276	63	62	88	159	55	244	138	94	43	267	198	70	134	135	4	6	129	229	266	33	137	141	251	102	170	107	111	208	241	85	207	181	20	213	81	58	163	14	179	14	280	81	184	200	73	187	2	146	106	187	152	47	233	11	7	24	25	11	12	157	29	195	29	31	92	259	253	283	159	110	157	186	69	221	110	245	244	86	263	212	45	45	53	221	116	255	134	8	138	138	100	56	248	98	216	188	240	241	157	71	299	298	70	263	155	197	232	285	70	189	164	165	219	20	197	268	230	141	205	131	50	295	212	23	178	179	79	
64	286	77	23	56	178	139	24	139	10	211	212	271	272	204	126	40	230	15	14	187	245	246	252	281	1	169	55	134	184	279	278	297	180	214	120	85	8	112	180	212	164	281	103	185	72	285	78	43	247	248	48	186	234	36	260	276	284	44	133	134	30	233	219	93	232	22	117	17	284	155	185	147	26	220	281	274	65	165	87	57	213	44	229	6	222	223	135	9	206	69	123	241	72	166	8	102	242	158	15	145	171	71	211	69	214	233	150	267	71	9	8	99	105	21	198	224	253	219	163	49	51	51	137	285	79	78	79	
285	65	23	24	227	177	263	23	140	140	11	246	270	133	105	125	104	106	151	248	249	186	246	70	232	11	213	260	138	139	184	189	226	233	285	230	47	261	226	113	165	213	282	104	40	39	15	91	90	252	177	11	293	136	231	275	285	278	285	135	193	109	212	220	249	121	121	212	156	56	230	41	40	27	201	54	42	66	170	166	56	269	59	46	29	266	194	70	160	54	235	87	122	77	165	278	212	221	221	132	144	281	160	156	277	250	204	106	284	237	272	10	258	8	168	179	226	225	10	162	267	3	200	286	173	286	145	144	
275	24	74	25	107	264	262	214	136	26	157	137	54	222	132	58	20	108	245	267	274	64	247	233	71	153	153	56	244	173	23	64	267	152	201	37	187	222	37	231	114	115	245	122	9	40	40	202	299	20	19	12	232	232	266	223	247	140	277	150	194	194	221	221	248	120	122	161	130	131	191	224	143	142	209	253	41	171	171	203	62	212	47	27	47	191	195	125	285	286	108	55	279	72	279	280	267	113	291	93	282	250	31	266	71	62	126	108	246	119	6	168	7	169	227	221	86	11	12	268	241	4	30	4	254	170	219	129	
265	207	26	68	67	106	219	215	161	228	156	132	219	126	66	77	13	224	127	83	288	273	205	1	72	152	178	243	230	174	111	111	72	170	200	240	25	38	38	27	215	187	186	94	143	40	103	41	42	300	268	212	211	231	82	22	66	212	151	152	135	222	258	234	116	115	82	83	65	217	60	143	144	108	210	208	209	67	190	78	202	235	234	235	236	36	196	233	256	109	83	278	112	142	258	259	281	81	94	216	215	210	33	34	21	54	171	113	118	185	222	221	21	20	159	64	131	130	282	48	5	261	195	208	142	250	218	137	
202	47	279	150	231	100	129	49	229	298	133	131	134	108	189	290	56	119	167	80	287	280	46	0	27	73	0	229	121	197	117	241	240	171	241	171	25	24	39	288	48	2	206	207	232	84	39	42	271	199	46	212	213	1	294	256	4	213	242	152	223	30	235	155	28	117	242	222	84	145	146	127	191	82	209	86	77	29	26	91	150	294	227	65	66	197	202	246	247	82	39	279	285	295	274	257	183	193	152	20	98	97	32	33	35	221	252	253	112	18	19	6	197	121	172	65	189	297	145	101	141	277	208	290	224	7	219	111	
282	277	151	158	11	232	149	204	203	3	167	166	59	135	250	80	53	54	63	262	90	45	47	143	134	280	95	228	44	116	133	145	192	111	170	142	143	26	181	40	41	196	229	205	189	6	118	119	131	47	218	235	258	295	231	3	139	138	274	265	203	101	111	29	227	228	243	223	141	85	10	201	18	28	144	143	28	78	80	149	37	228	228	264	82	188	215	245	194	237	260	284	128	190	296	117	42	182	292	293	95	188	214	0	257	222	3	234	17	61	5	144	153	17	176	278	16	188	296	277	276	36	222	289	210	222	238	220	
210	277	276	139	109	10	235	150	204	28	167	115	59	124	144	52	53	233	77	270	172	48	49	299	7	133	170	284	134	244	277	279	159	191	17	171	141	30	0	41	229	156	228	206	117	292	7	8	293	103	98	53	257	184	182	176	4	61	282	264	100	204	75	250	130	282	234	233	261	140	69	202	122	165	156	155	258	258	259	36	92	202	265	233	27	87	71	216	15	14	131	42	57	159	202	147	14	2	74	23	95	288	5	84	256	173	35	57	243	18	152	153	154	126	125	11	165	192	242	297	85	242	223	85	50	221	221	237	
209	172	26	296	173	187	236	121	208	8	175	42	59	58	143	144	48	155	177	53	134	298	151	179	3	4	203	265	119	262	62	258	192	183	32	205	65	192	143	273	28	4	3	207	15	14	142	102	120	97	73	70	69	183	216	183	6	281	21	62	242	28	299	174	215	36	98	262	70	262	269	89	123	166	167	230	292	257	129	220	270	279	203	253	92	26	50	70	177	77	120	43	185	169	57	148	15	111	26	203	204	96	101	73	53	245	257	261	237	11	201	153	199	143	281	237	10	11	168	135	241	295	226	272	34	161	4	258	
10	38	295	292	174	188	98	23	254	47	142	149	189	246	22	144	240	135	235	189	279	72	105	200	258	234	233	119	118	190	259	260	21	229	148	281	263	83	201	27	237	157	158	157	31	16	211	7	103	74	71	74	225	224	225	7	4	282	22	294	293	217	300	272	218	53	268	227	132	256	263	98	152	124	127	168	239	111	56	269	65	66	278	168	169	111	165	240	284	66	287	92	95	182	220	214	112	110	109	205	205	90	137	129	52	53	153	238	162	202	120	237	142	187	222	223	190	91	141	142	296	235	116	75	125	24	25	26	
131	11	89	90	103	97	98	254	91	141	150	24	117	298	145	146	299	241	150	45	90	90	201	202	257	67	135	234	189	92	236	131	124	218	290	264	101	64	156	236	124	234	24	235	149	211	6	244	89	125	227	262	225	212	91	90	91	150	149	286	291	272	271	273	254	2	3	272	162	255	296	264	125	153	184	69	169	167	159	233	12	270	76	286	7	76	102	111	91	72	94	27	222	112	215	109	132	110	206	145	294	155	38	234	118	119	215	83	161	172	283	175	236	20	181	150	229	132	133	55	267	53	176	126	89	294	21	113	
132	133	12	260	299	21	233	41	255	274	146	18	116	225	299	10	149	112	104	139	89	90	257	66	67	20	111	224	174	136	237	135	137	197	217	158	221	100	24	54	123	70	45	118	236	212	245	90	75	234	132	259	115	226	42	28	241	150	38	123	110	233	234	126	23	3	183	233	271	1	295	63	126	258	296	170	56	85	191	206	77	54	249	287	299	178	207	206	110	71	40	223	223	155	113	256	257	166	92	88	91	121	207	117	31	85	30	282	227	284	174	251	249	110	180	230	95	68	106	107	102	114	233	88	51	39	95	1	
173	92	91	154	155	51	50	88	88	3	186	187	117	139	28	141	148	9	267	105	41	284	285	157	65	183	112	110	15	28	256	238	96	271	224	270	104	101	25	135	136	44	291	187	235	120	112	246	76	206	183	133	227	114	129	27	85	137	178	268	134	28	128	247	140	144	194	72	19	20	145	64	172	35	209	297	57	86	40	205	188	250	251	228	69	263	264	207	207	32	31	23	1	299	257	90	132	265	161	68	90	120	245	44	88	275	23	32	283	25	237	250	91	162	109	138	94	61	159	76	24	113	240	39	60	40	15	115	
33	172	93	121	153	55	89	59	87	289	172	171	242	46	17	220	132	268	137	115	115	241	106	295	296	113	241	16	33	257	175	91	90	29	228	104	201	47	26	137	140	292	214	56	186	261	5	45	49	148	119	23	111	128	15	118	265	247	77	226	267	214	94	111	139	40	39	118	20	146	115	146	288	296	210	286	87	281	87	187	241	251	81	187	227	162	163	134	70	267	0	32	128	254	89	216	91	209	15	159	270	60	10	74	89	276	252	196	26	237	236	50	28	146	239	131	132	95	263	81	144	63	40	108	65	59	41	38	
218	217	218	154	109	56	259	0	192	169	194	243	194	8	144	238	221	131	132	115	114	115	242	233	11	41	114	2	53	284	174	233	28	215	257	213	224	48	46	191	103	218	130	215	86	18	225	4	286	272	24	120	112	26	244	14	46	240	225	282	207	166	213	293	81	140	161	61	108	141	132	4	86	4	189	288	285	282	284	158	268	54	80	188	186	161	45	139	69	1	33	205	127	113	253	124	29	241	124	160	269	198	198	286	182	120	154	296	11	286	115	266	38	33	229	200	278	180	202	80	299	64	65	2	38	39	89	90	
140	100	218	110	269	110	258	191	270	170	154	193	258	257	201	153	195	280	6	115	266	24	25	172	232	10	57	132	298	178	291	147	167	68	209	173	289	49	50	183	26	29	129	129	247	87	239	106	284	157	86	26	25	54	115	10	45	239	226	231	232	206	165	34	292	262	171	204	39	108	107	195	286	246	287	5	223	283	132	131	95	152	90	54	51	162	163	70	210	70	229	65	127	114	125	126	30	31	125	123	159	199	197	64	252	251	211	200	136	173	180	37	267	268	68	199	241	179	34	298	197	164	65	67	66	118	84	83	
139	183	133	136	224	225	194	0	4	27	26	85	226	202	227	13	14	281	171	265	40	23	215	171	120	2	185	79	269	104	179	176	83	81	72	44	221	229	244	262	203	156	28	130	191	246	125	107	108	283	156	130	48	157	158	55	108	146	223	272	256	119	205	15	88	257	282	195	40	188	183	285	287	187	4	128	25	66	152	186	279	89	7	251	249	243	29	211	296	252	165	230	40	128	185	185	71	276	124	247	160	123	124	255	177	190	210	161	231	230	107	106	278	2	270	271	272	35	17	225	266	280	66	96	95	117	95	297	
182	262	86	138	148	193	252	218	275	209	33	227	203	203	92	240	225	132	164	100	99	216	199	190	190	195	155	20	21	289	119	154	155	156	43	278	198	250	299	220	296	157	29	171	79	12	249	183	70	18	85	141	131	183	184	118	45	224	145	25	177	121	120	16	112	249	106	101	63	13	197	93	150	3	64	127	42	7	79	153	90	58	152	267	141	28	197	196	212	166	69	39	128	141	24	184	201	125	65	282	124	161	140	201	35	262	48	211	160	161	217	15	16	3	187	88	89	16	224	266	253	43	221	97	97	88	296	94	
263	299	230	69	28	272	206	270	271	12	63	57	88	204	69	67	126	293	101	249	295	100	200	30	189	24	214	154	21	207	67	155	102	288	56	207	88	197	64	195	194	195	30	103	81	120	268	56	61	141	140	34	123	58	290	230	91	68	129	81	82	76	63	229	111	266	299	107	100	120	119	11	298	297	160	192	193	118	8	80	5	81	195	153	215	106	198	213	20	100	79	129	31	233	185	142	200	64	204	66	296	281	261	241	205	206	263	203	290	162	131	106	54	105	37	173	96	97	24	263	29	169	82	101	102	98	40	89	
226	174	229	88	29	271	39	116	252	62	183	58	59	87	88	290	68	132	291	97	15	14	209	244	37	234	160	12	97	66	277	276	105	64	264	55	206	206	63	195	196	256	257	213	58	121	4	256	89	250	60	122	134	189	35	34	105	92	67	3	202	101	291	181	180	76	171	82	164	179	121	238	299	78	203	193	208	209	299	291	104	4	196	288	275	86	85	236	237	103	102	229	294	30	186	87	201	205	79	203	67	176	17	234	142	242	193	192	150	151	66	292	76	96	104	105	216	10	123	205	78	21	89	36	242	189	255	219	
189	56	182	123	30	40	175	196	248	182	184	60	196	73	169	298	299	300	232	241	16	86	86	84	83	12	238	13	181	20	186	216	3	63	34	133	271	224	40	135	220	90	255	213	297	89	122	287	288	3	275	261	135	7	223	224	48	21	93	228	18	292	290	182	151	172	189	81	286	94	99	237	248	120	77	209	37	81	300	290	292	249	50	83	84	192	171	19	98	146	35	27	167	14	272	195	208	297	78	108	107	177	279	245	11	10	241	66	81	65	86	87	86	64	16	15	106	9	11	157	256	7	37	38	249	49	220	122	
209	183	122	111	5	176	207	86	183	183	184	260	289	170	74	297	60	90	188	189	84	103	283	86	177	194	195	135	21	76	217	12	79	77	35	224	225	15	14	18	91	166	179	256	115	157	169	288	289	175	242	140	111	224	234	190	49	50	20	69	19	166	157	222	294	239	238	256	95	254	186	140	261	260	261	262	169	9	283	50	2	97	60	83	82	121	193	11	212	212	201	203	200	52	23	24	194	207	130	149	86	278	178	146	225	12	182	183	48	289	114	16	17	163	144	8	63	64	15	35	192	195	6	225	238	120	119	165	
208	130	123	110	213	177	189	75	184	184	281	285	68	25	259	124	59	91	189	189	105	255	87	15	176	287	134	47	140	22	13	189	76	249	114	263	16	169	291	92	92	275	200	203	48	42	160	289	192	78	270	208	139	275	40	178	146	51	70	21	20	48	165	295	275	293	161	9	255	154	136	131	168	199	226	3	267	116	51	206	211	18	118	154	30	212	213	70	211	163	278	277	172	22	195	97	208	52	136	129	87	85	184	147	226	125	203	207	277	278	15	180	179	99	9	79	118	65	192	34	184	76	138	226	226	135	136	239	
131	36	35	109	266	69	70	190	117	54	129	25	287	90	125	166	95	96	190	191	254	186	278	100	2	287	93	38	152	227	23	203	53	113	19	0	20	238	272	93	263	254	138	44	148	81	109	193	200	215	244	227	95	183	217	177	52	22	293	22	211	173	296	0	226	248	244	137	257	178	168	4	80	204	114	4	4	186	44	52	147	126	25	224	268	267	214	245	176	285	284	278	21	1	211	159	160	277	50	103	181	223	282	261	90	81	72	206	103	16	219	220	221	166	100	121	119	189	132	161	30	183	231	227	220	153	1	259	
292	37	262	38	47	71	72	217	150	145	128	190	236	89	57	59	127	126	37	262	271	271	171	289	89	288	131	284	151	226	145	104	103	104	20	18	295	35	239	264	215	264	54	138	139	108	157	253	203	60	87	245	92	33	243	197	178	250	23	59	60	12	184	202	201	121	247	35	154	21	80	294	205	272	8	164	187	45	8	43	55	144	27	28	223	17	273	136	244	177	244	135	185	212	50	155	102	73	162	26	129	280	86	46	211	19	73	73	13	218	277	161	167	263	66	165	120	190	131	31	38	228	229	260	8	71	44	194	
293	38	154	204	253	166	252	191	57	144	293	121	109	90	151	128	127	75	36	32	33	272	170	27	188	246	208	130	283	57	146	146	289	174	108	221	34	36	139	214	257	69	73	142	255	200	156	252	204	232	226	88	72	93	252	244	230	251	64	63	28	117	11	183	120	235	36	105	36	123	23	118	273	230	230	161	115	188	95	188	284	145	143	66	67	274	18	124	125	245	239	186	246	80	3	154	103	13	100	101	14	200	279	45	124	212	280	108	14	54	273	159	87	193	227	226	243	37	107	106	193	192	227	22	64	238	271	45	
22	23	155	155	203	167	251	66	152	169	292	294	254	253	26	262	267	290	223	10	34	61	37	36	218	207	209	81	154	116	51	50	231	232	233	220	242	123	249	131	103	74	74	143	200	242	118	253	233	234	231	71	272	144	246	217	52	231	232	257	116	265	184	274	197	179	37	96	287	24	24	240	18	210	275	231	116	59	58	61	84	172	71	60	226	68	215	271	246	36	50	51	245	81	176	67	14	78	99	84	90	162	26	38	140	149	213	109	260	274	57	33	3	4	227	11	72	242	36	177	242	23	72	284	254	175	223	133	
42	71	185	156	286	51	252	247	270	21	217	140	190	66	254	25	180	222	224	10	9	158	159	160	15	212	12	11	80	27	51	269	232	233	0	74	241	104	103	144	114	204	75	245	66	201	191	119	259	230	261	6	271	98	261	101	76	276	116	233	66	160	280	185	226	32	180	275	288	91	25	25	239	40	143	276	233	16	32	244	173	70	171	198	59	103	19	270	1	187	207	184	136	281	57	248	15	100	298	157	163	164	25	100	148	139	61	259	209	58	279	254	5	197	122	121	209	36	47	57	114	284	283	290	88	99	28	28	
43	175	70	232	285	251	172	41	233	94	95	232	233	249	226	280	161	179	219	147	148	64	250	16	16	143	59	139	223	151	159	268	75	234	83	89	242	14	104	244	145	57	244	67	246	177	178	179	189	25	176	144	114	207	158	157	38	295	16	124	27	281	4	5	54	31	214	215	216	217	160	139	140	270	67	89	232	17	18	274	71	172	90	191	148	138	5	81	258	258	257	131	218	137	58	56	185	246	253	299	38	243	26	148	160	148	189	8	80	201	296	297	253	77	189	231	37	133	51	126	58	115	291	21	289	73	27	244	
176	176	33	34	43	116	46	192	95	80	15	16	193	225	265	45	180	218	39	139	227	207	150	251	2	200	140	232	222	223	109	260	76	188	72	71	243	167	134	99	243	4	152	151	152	247	179	180	181	168	54	115	116	236	157	104	178	212	211	26	282	35	242	6	6	55	252	60	150	274	230	68	67	177	139	66	238	167	169	105	263	264	265	95	149	87	189	160	250	35	259	1	103	119	8	3	57	54	55	291	146	238	171	27	147	121	24	137	51	63	102	35	76	77	190	45	38	241	127	127	244	257	258	292	22	42	254	294	
177	32	33	204	116	189	8	197	134	16	17	18	267	151	175	37	150	233	201	200	277	276	206	165	144	145	160	26	16	15	224	77	160	284	187	126	142	143	144	145	55	164	212	211	94	248	249	49	171	248	224	116	235	133	134	31	262	206	88	89	283	140	174	27	7	299	191	270	17	248	120	135	233	280	140	199	184	168	101	137	70	268	96	168	274	245	231	232	18	251	36	250	263	259	154	7	71	204	56	285	145	239	69	172	148	271	25	26	266	73	166	165	281	83	78	79	146	128	240	245	263	245	201	202	43	257	93	255	
229	220	267	205	205	25	257	57	91	40	19	266	290	31	36	3	141	277	88	89	239	240	203	193	166	165	164	27	9	96	134	78	51	144	20	143	143	222	20	170	169	75	48	95	135	38	39	38	50	262	104	128	116	236	262	261	77	263	127	133	192	86	85	86	222	194	258	284	114	141	270	153	102	103	104	52	51	64	64	3	118	240	267	167	141	275	251	83	172	247	124	137	136	258	117	234	119	118	243	64	267	268	48	157	173	264	26	148	143	74	167	282	213	59	167	177	67	82	246	163	195	17	248	249	297	149	148	149	
230	120	221	222	38	37	110	27	205	265	39	251	37	38	39	157	122	190	142	143	139	49	48	170	116	299	85	84	15	14	137	211	52	158	108	114	1	2	3	4	74	76	155	77	168	136	37	90	14	102	6	116	257	82	236	41	262	106	134	135	32	12	167	254	80	179	136	283	194	193	58	73	172	210	105	254	84	63	24	119	158	179	24	39	24	39	144	257	260	173	99	28	17	259	259	280	235	142	46	60	292	268	49	174	65	166	263	192	160	142	58	59	212	7	97	98	178	81	195	164	161	102	16	17	296	150	288	264	
231	265	9	223	43	225	140	290	206	112	144	24	236	204	29	153	156	41	237	270	138	61	120	169	115	156	102	102	6	289	284	136	210	267	83	109	82	141	264	93	219	61	30	99	207	214	91	175	15	116	115	216	83	42	43	42	88	246	107	136	31	278	282	253	81	81	199	135	160	139	72	57	133	134	108	255	60	20	23	256	257	258	295	23	31	169	284	203	261	231	230	220	221	77	260	49	60	172	45	97	194	42	90	89	64	264	180	191	212	73	254	236	141	177	142	106	242	179	165	196	160	103	5	292	297	272	95	265	
89	232	85	28	224	208	188	288	255	82	81	23	143	30	267	268	77	78	77	271	36	10	216	134	50	20	157	101	7	297	298	299	137	278	248	81	114	265	92	49	97	96	13	63	207	206	215	33	55	103	39	84	154	199	198	219	266	267	137	32	32	87	88	297	168	200	136	250	257	258	138	1	63	82	208	209	85	258	159	287	288	184	117	40	167	275	202	38	94	162	231	18	221	292	197	145	74	209	101	48	96	97	41	64	209	188	189	181	44	250	235	253	249	43	289	105	243	41	42	71	252	278	271	178	234	156	299	130	
233	88	234	205	59	187	208	209	210	56	134	82	83	103	102	158	172	60	141	140	46	64	118	207	61	245	19	74	298	156	168	285	286	11	10	177	150	266	79	74	211	18	55	31	273	214	16	32	127	127	188	40	50	153	260	243	244	70	138	33	86	33	22	169	296	137	201	289	255	256	295	38	54	189	207	81	120	158	183	9	183	228	225	256	213	214	215	120	207	226	232	249	21	196	289	149	199	208	80	205	228	246	267	146	9	158	116	253	47	48	49	9	126	42	272	54	55	43	40	212	211	137	272	233	262	300	156	86	
266	234	243	299	241	86	188	210	55	238	239	138	14	121	122	126	74	99	167	80	81	119	117	4	5	237	236	258	259	169	30	167	71	287	12	149	292	170	43	212	269	124	245	181	258	2	3	4	126	78	14	49	96	51	80	245	249	44	157	239	244	22	194	77	64	202	132	210	190	262	86	218	39	150	53	67	102	9	107	184	222	184	229	212	207	69	29	30	206	233	84	262	248	18	148	13	198	127	104	97	73	212	297	296	142	159	234	238	237	261	260	133	249	41	53	190	69	56	168	131	134	188	138	171	158	157	216	228	
122	265	300	120	95	240	98	99	121	122	238	10	13	14	93	267	257	135	151	64	287	288	224	151	150	6	7	58	298	256	257	70	168	244	213	3	26	42	8	44	268	255	69	298	294	293	63	59	268	56	77	246	245	211	183	4	270	177	45	29	30	64	92	195	196	106	263	163	118	263	7	219	218	54	149	107	176	251	195	288	185	185	63	261	255	254	70	44	6	189	113	112	86	249	272	114	151	89	53	72	239	72	112	184	291	285	234	233	189	23	112	134	42	43	191	299	57	163	162	137	23	66	173	276	32	127	103	181	
107	64	131	200	105	4	67	202	125	83	191	230	183	94	92	289	256	261	65	174	65	225	54	117	62	177	256	7	281	95	273	272	67	86	106	7	69	12	258	7	256	269	297	97	45	294	37	62	44	267	212	78	79	80	279	239	82	24	146	24	216	65	196	93	222	264	223	262	11	264	279	217	235	18	284	91	88	49	50	199	40	186	256	257	194	71	89	227	226	14	115	156	243	107	60	55	152	56	134	135	75	153	87	184	30	90	101	292	216	263	100	143	135	223	300	283	135	116	138	207	67	107	277	33	128	129	151	152	
144	294	201	65	280	3	283	282	108	298	269	261	260	102	203	103	194	260	227	25	24	158	62	61	220	178	135	152	159	183	94	196	66	174	258	43	85	101	130	44	201	208	262	98	98	44	131	243	81	286	195	50	80	101	267	75	23	235	25	222	66	138	197	138	41	230	265	211	11	10	177	135	245	283	239	92	23	147	198	259	248	110	31	135	113	195	194	217	101	227	95	72	269	206	123	122	146	55	205	206	270	283	21	157	91	100	141	213	293	67	85	156	144	178	185	262	72	115	225	129	187	62	98	46	34	129	53	54	
204	130	223	222	280	201	4	27	173	60	257	258	259	290	100	2	36	228	246	245	25	25	292	296	69	179	250	2	182	105	102	102	67	260	114	115	84	31	76	131	151	288	263	99	99	208	42	256	285	210	84	254	150	164	163	70	217	234	275	26	118	269	137	113	40	148	212	287	210	212	136	246	157	213	23	24	59	199	180	181	111	112	134	179	100	268	203	216	207	228	124	73	139	273	276	145	298	86	104	271	210	43	61	150	101	142	214	2	155	118	155	70	145	146	145	79	250	73	286	285	186	118	119	32	110	88	21	273	
221	263	130	103	281	172	28	168	128	174	258	145	108	175	123	37	176	22	22	163	164	284	65	107	129	8	167	191	29	30	41	101	221	146	116	194	244	210	271	77	132	236	256	172	231	232	273	41	26	62	158	151	58	290	77	78	99	146	147	158	117	119	75	288	70	213	119	213	233	234	253	137	115	277	160	60	10	127	185	266	204	205	37	213	180	83	82	239	217	63	168	92	138	290	65	17	17	284	87	194	134	44	62	231	99	4	5	148	149	154	204	239	240	56	55	195	50	59	135	225	184	34	31	179	58	89	53	54	
222	129	264	34	90	284	247	159	30	168	115	11	219	181	135	165	250	23	21	298	216	298	209	2	218	217	45	24	28	168	58	72	227	263	195	267	285	72	175	174	175	35	34	208	232	16	272	42	202	163	97	296	290	289	67	98	100	136	157	118	119	76	269	71	235	163	162	273	274	235	53	215	175	202	52	88	89	138	137	250	265	203	36	47	222	83	267	194	218	179	62	102	279	64	96	18	16	144	283	88	45	138	238	237	22	145	6	6	155	60	58	127	215	141	56	1	58	202	126	81	58	218	45	203	191	254	240	241	
197	185	15	201	33	224	69	69	257	169	116	114	12	294	38	185	105	76	274	32	268	297	3	1	219	138	133	79	26	46	273	73	292	196	281	102	284	95	95	96	76	35	183	73	256	233	234	201	22	144	295	189	266	266	66	99	158	159	41	120	81	82	50	268	35	168	264	272	80	103	104	52	93	159	160	102	139	259	24	25	155	112	126	232	77	25	24	84	62	4	3	111	110	280	193	27	160	162	134	240	241	46	47	238	231	152	280	74	61	146	244	211	299	19	300	20	77	78	80	143	290	230	26	21	244	239	241	110	
196	186	184	147	200	227	70	40	1	258	170	132	15	145	293	157	148	282	299	9	129	206	2	229	138	22	91	25	185	27	78	74	160	5	268	89	94	62	245	256	290	92	36	74	257	234	0	296	59	217	10	188	265	11	267	199	108	70	42	81	80	82	197	296	161	155	51	145	277	180	250	71	216	172	300	161	45	44	206	117	275	293	65	240	16	25	17	85	281	180	50	236	5	283	48	28	28	10	263	74	296	273	239	294	280	279	209	258	75	245	245	189	18	61	15	299	2	78	79	38	144	231	171	243	20	245	292	242	
132	197	198	201	228	226	251	71	296	169	133	161	117	240	117	271	9	196	195	127	187	48	207	139	137	221	143	268	26	204	136	79	159	161	88	265	95	281	257	258	91	291	28	43	235	1	1	297	271	75	76	11	61	61	226	38	160	69	208	3	55	80	205	92	91	165	169	170	274	56	220	219	125	173	169	299	46	46	205	180	171	42	17	186	26	17	8	86	140	138	211	212	147	270	49	29	27	133	75	75	121	215	293	238	295	160	159	257	257	169	6	105	19	71	84	1	57	165	130	286	262	37	278	85	246	53	243	244	
76	72	73	229	227	212	227	252	93	169	168	134	160	118	69	228	82	113	196	48	120	229	228	299	140	62	267	185	186	203	130	244	70	257	125	60	75	96	97	98	282	270	292	44	21	101	166	2	163	296	99	12	62	227	112	54	39	61	250	185	141	81	121	122	92	5	63	171	172	231	30	30	235	79	217	47	126	162	114	200	181	251	185	296	27	86	7	171	139	233	29	30	148	53	295	28	71	72	73	76	76	249	214	187	256	229	275	275	190	45	208	2	297	296	252	2	262	56	57	173	174	148	277	86	134	54	229	228	
22	73	283	230	104	296	35	268	269	162	54	1	184	60	7	193	263	4	141	122	12	119	6	141	284	220	29	70	88	19	203	11	0	259	290	167	5	4	227	271	65	44	104	103	165	52	100	167	107	285	113	113	287	267	131	68	40	178	258	86	43	17	82	276	265	62	43	112	66	28	29	74	3	117	208	207	88	23	161	162	251	250	127	271	241	91	85	202	13	30	277	43	31	52	43	234	233	15	256	60	77	196	248	199	241	257	274	190	184	209	287	207	38	298	259	251	58	152	143	116	277	104	149	86	299	53	77	215	
178	76	233	78	234	144	295	270	181	43	104	183	164	61	108	242	243	63	91	123	81	5	163	221	219	163	221	80	79	242	248	63	282	1	289	9	279	228	5	188	238	77	237	104	51	280	79	106	28	27	286	112	287	157	67	68	177	258	257	236	84	255	181	81	65	194	43	42	112	45	247	98	194	29	281	275	82	87	163	203	73	216	118	221	192	86	5	6	12	103	5	44	241	106	272	42	147	257	158	131	188	78	262	64	7	108	221	249	48	183	264	37	95	253	155	157	59	54	115	191	115	231	94	87	153	54	105	22	
92	21	289	297	9	235	114	182	15	66	174	165	85	78	71	107	80	27	294	213	191	173	200	95	162	59	185	36	281	50	11	163	179	285	88	37	94	249	168	12	40	39	77	78	191	80	281	30	3	28	189	113	239	133	79	69	259	297	298	72	72	171	145	266	91	66	187	44	43	140	65	97	226	193	162	274	133	81	88	204	154	74	220	243	10	186	206	295	263	262	59	60	61	181	173	96	23	258	132	157	203	204	72	49	22	3	243	49	253	265	222	209	181	94	254	93	19	79	84	83	84	114	88	152	212	230	231	293	
292	291	280	167	236	42	284	282	239	244	173	174	86	84	157	78	81	79	162	250	200	73	201	94	14	60	48	169	51	119	11	10	264	124	241	183	157	158	19	41	41	226	40	51	113	101	183	4	61	170	165	61	232	240	82	244	298	84	40	41	71	233	192	45	265	47	46	3	44	161	64	65	98	232	274	163	275	286	236	129	79	48	166	242	9	119	54	103	97	208	275	231	87	259	269	130	77	245	188	204	116	11	142	38	50	23	244	252	14	0	223	223	299	171	161	25	19	18	188	188	24	227	226	178	89	167	96	275	
197	227	295	231	6	237	130	85	179	11	142	80	115	211	83	35	113	106	85	7	2	111	230	147	61	91	61	62	253	153	12	6	176	232	86	228	128	156	117	247	186	187	279	238	35	268	100	45	241	62	296	6	149	252	253	81	25	85	41	238	124	52	144	143	48	78	146	98	0	45	66	263	87	175	45	177	134	235	156	86	85	49	52	37	243	118	236	294	209	163	276	23	32	86	143	22	101	4	98	205	12	127	143	143	72	73	133	239	14	13	91	214	58	127	162	211	24	20	20	287	243	25	230	128	27	80	219	103	
197	196	283	7	238	295	131	131	246	12	98	263	130	263	267	84	42	107	108	1	112	104	155	156	192	191	213	62	254	260	92	255	175	234	229	85	169	182	116	269	187	86	280	111	105	170	233	235	283	207	201	198	150	254	254	242	24	86	155	264	213	194	298	265	233	287	266	265	126	244	260	199	176	177	178	114	133	145	84	283	64	127	111	162	17	9	47	46	197	210	22	106	75	215	292	100	144	131	3	103	128	248	173	144	249	71	48	134	248	249	14	90	124	57	212	94	236	21	237	244	69	81	187	145	163	20	203	161	
207	29	284	284	163	265	296	241	108	245	181	30	156	149	60	41	82	261	225	97	173	144	75	156	133	31	146	63	261	261	259	19	250	249	235	170	104	135	268	169	144	140	276	290	120	119	124	176	198	283	74	1	2	3	243	174	175	156	279	210	32	270	195	229	176	234	234	233	220	245	200	135	229	59	269	268	103	263	183	157	253	117	156	112	161	10	259	171	172	127	110	109	67	76	231	162	132	263	83	58	47	85	170	145	230	43	71	47	233	270	271	272	41	125	51	158	234	233	201	164	197	278	279	158	159	202	177	176	
120	64	24	167	263	293	210	168	246	55	101	101	85	150	81	42	182	137	138	174	267	78	127	139	204	203	93	77	18	103	95	267	167	251	130	77	116	136	197	186	87	138	222	185	70	256	177	236	227	225	282	75	2	100	108	218	173	214	87	278	271	29	28	269	175	176	48	234	182	183	246	43	60	276	183	182	70	184	148	231	116	201	288	18	162	177	178	226	170	137	261	260	261	197	230	133	225	133	264	85	84	46	275	251	128	3	260	234	168	271	198	46	43	167	98	291	82	273	262	124	47	198	280	115	129	237	102	293	
283	191	158	254	198	294	273	169	167	40	111	100	46	144	36	39	52	95	96	139	268	268	202	106	138	28	29	24	17	40	235	109	168	138	34	131	115	116	265	100	239	221	110	46	290	63	237	194	228	70	224	101	192	3	157	174	266	204	167	171	169	30	156	155	260	218	286	0	235	200	117	204	103	300	123	95	83	149	118	287	232	2	76	214	79	161	97	101	56	56	138	241	262	231	20	159	159	134	86	293	93	156	252	30	235	267	268	167	152	39	238	195	44	168	25	122	210	42	30	2	3	92	211	248	33	145	263	296	
274	192	90	89	234	208	170	170	170	63	181	184	180	53	67	268	156	222	94	134	156	129	20	164	236	283	233	226	23	236	202	161	76	24	17	35	209	266	104	240	110	288	145	291	235	181	199	217	218	42	14	61	109	141	158	275	237	31	19	20	14	170	157	85	84	184	217	5	290	289	98	99	299	244	96	96	150	66	219	218	242	48	82	27	26	128	290	225	162	55	139	263	111	148	295	158	160	47	48	171	56	54	155	59	60	103	267	268	149	151	237	267	290	289	278	24	129	43	1	31	218	28	80	137	34	267	227	232	
184	34	90	15	153	171	171	45	132	62	182	53	52	122	35	140	157	221	135	298	82	19	114	20	163	234	235	37	202	169	160	162	40	103	90	93	120	282	23	24	111	75	60	297	182	25	299	246	41	42	62	15	77	110	245	159	110	18	140	225	274	214	158	280	183	104	47	6	6	250	193	87	300	116	82	83	241	67	152	243	218	49	49	197	140	289	58	22	161	226	56	92	110	44	296	153	102	294	46	27	12	234	234	284	219	58	55	148	118	150	258	170	290	291	119	25	158	294	90	219	35	81	206	283	284	196	36	228	
183	52	5	91	92	134	227	172	271	99	6	7	202	230	2	92	158	188	187	297	83	41	184	183	161	113	236	122	27	111	85	86	87	88	278	289	121	9	257	34	14	238	239	61	270	268	229	66	0	67	68	69	154	155	139	109	111	298	240	141	276	122	105	104	103	79	80	242	224	176	200	113	157	81	246	49	136	133	266	253	1	50	35	25	196	57	58	129	94	39	104	109	41	255	191	154	50	154	183	78	79	193	233	245	31	230	57	58	74	261	151	22	191	263	279	258	293	131	250	192	202	108	42	284	285	9	197	37	
280	144	53	234	92	264	135	181	272	243	262	201	158	265	69	68	138	139	147	84	162	21	28	235	91	13	276	84	67	37	260	294	88	92	91	3	288	256	56	33	239	237	11	269	215	1	242	67	179	111	72	6	153	267	64	65	164	48	100	185	184	99	73	106	80	221	220	7	182	177	10	297	158	159	50	50	126	135	249	153	153	151	35	34	86	49	46	95	38	199	184	233	243	288	295	68	57	142	224	182	79	234	194	56	32	250	59	73	89	163	152	21	264	248	225	65	130	162	191	294	71	229	230	9	8	12	239	197	
149	29	258	234	233	66	182	223	180	273	217	216	195	32	102	108	84	43	7	180	188	29	7	52	298	282	81	298	68	195	290	193	296	174	138	4	121	243	247	246	36	37	183	152	233	0	275	46	102	110	10	5	195	103	158	268	165	166	47	99	115	234	247	81	298	299	110	9	187	188	212	296	96	160	176	180	268	196	65	21	53	195	221	85	294	78	248	272	198	125	44	248	247	52	122	192	84	85	143	110	108	170	42	33	285	249	72	171	220	221	164	165	7	247	201	278	277	51	2	3	138	196	96	10	10	35	13	238	
252	253	290	204	157	158	275	152	153	17	285	271	247	248	103	101	42	8	268	6	299	188	88	53	54	297	281	69	299	194	274	275	203	139	76	147	297	268	185	35	33	28	28	204	105	104	32	261	262	244	10	9	206	129	104	47	263	262	167	278	159	248	18	213	213	300	59	58	221	211	70	267	233	174	239	175	2	267	132	64	99	47	90	89	56	89	271	280	125	245	244	248	51	76	280	279	85	262	231	220	267	232	47	83	291	257	9	9	170	165	131	187	8	8	231	95	40	50	182	102	141	172	217	285	34	13	216	29	
256	10	254	205	180	159	114	174	154	29	16	270	245	244	249	102	249	262	9	143	298	133	189	292	99	100	101	107	195	273	98	64	137	291	148	77	80	186	261	32	142	27	242	111	83	63	242	31	223	245	152	205	51	207	105	48	236	264	263	282	159	209	103	198	212	188	276	277	278	246	21	266	141	240	46	266	191	280	279	280	146	3	9	178	241	5	162	216	257	258	249	250	251	208	129	175	219	246	285	266	280	233	82	265	84	161	8	92	243	244	31	43	7	232	102	35	51	98	101	38	37	65	205	248	249	58	57	30	
9	179	11	253	145	168	273	170	223	30	183	253	96	30	103	104	135	65	159	193	195	194	248	12	180	115	182	44	154	10	202	147	118	138	139	149	8	174	268	143	49	263	262	36	143	278	177	123	124	180	259	176	260	202	234	235	240	265	281	230	292	105	104	18	133	134	114	206	16	84	273	132	260	140	45	192	265	190	281	192	191	195	66	65	6	248	193	167	168	258	259	55	105	131	176	174	209	220	269	70	234	281	287	286	201	89	202	286	48	32	44	30	136	219	103	36	197	68	41	4	218	204	100	237	269	132	217	163	
219	220	141	205	36	142	81	223	222	31	204	297	69	59	279	289	288	166	96	205	195	195	267	11	114	215	253	252	11	203	201	153	119	193	140	9	9	25	108	137	44	277	37	282	144	249	56	122	190	181	260	260	298	235	256	186	236	239	53	287	91	242	128	127	151	86	205	133	35	85	131	259	184	58	167	150	191	170	283	218	193	268	275	66	249	246	166	194	65	20	14	223	54	40	7	241	266	291	292	265	264	245	274	288	161	278	194	286	287	44	285	140	142	220	37	144	127	126	250	266	3	36	243	161	253	133	164	69	
220	102	176	160	183	182	256	297	261	32	252	127	286	220	6	278	133	289	248	5	204	205	1	28	3	61	111	254	173	157	157	204	120	120	138	139	140	168	74	297	298	281	276	0	228	241	47	211	185	256	236	236	297	155	251	230	237	206	157	158	224	86	127	244	126	147	148	219	94	261	86	183	61	62	212	168	39	282	283	261	267	286	285	274	245	287	59	31	85	195	21	22	222	240	250	6	171	213	290	291	103	270	275	276	110	160	119	39	234	284	35	28	26	143	215	216	127	148	31	249	35	9	251	227	207	40	134	165	
145	101	134	41	159	182	137	12	13	299	195	253	51	126	133	132	179	290	68	136	208	38	177	27	259	165	110	242	268	156	158	128	284	299	3	279	141	139	123	299	222	70	1	258	18	69	68	126	184	110	235	173	52	191	58	276	21	22	185	105	224	247	265	117	96	169	170	221	179	96	12	157	63	159	40	213	13	231	260	62	61	76	217	11	255	71	58	300	300	23	297	235	239	241	126	179	161	291	115	116	141	22	23	163	260	169	177	40	231	162	104	36	144	114	216	2	84	85	81	283	284	183	21	208	189	154	166	167	
146	45	148	276	299	171	138	72	77	193	105	123	85	84	73	40	41	212	294	207	296	206	54	196	166	244	123	22	241	138	128	129	124	123	95	96	225	140	59	221	134	236	228	2	18	17	44	60	274	3	94	71	116	64	256	146	167	35	108	234	177	174	72	264	83	6	34	178	192	205	62	215	216	31	41	41	119	174	118	18	152	261	251	157	48	84	83	72	299	277	228	227	240	74	180	179	241	31	238	119	165	166	21	114	168	101	178	179	153	19	148	71	216	113	1	85	259	284	93	282	47	284	20	126	52	269	5	167	
46	149	114	134	170	120	294	81	192	78	122	86	235	248	39	40	211	28	203	204	0	235	200	197	195	94	84	280	32	59	267	120	233	125	242	200	232	231	205	60	133	259	127	229	90	255	72	90	268	237	95	212	117	136	48	47	233	16	76	67	235	237	299	265	193	227	76	202	191	192	193	97	39	250	42	118	119	41	19	158	48	68	215	239	215	139	74	73	71	160	55	245	141	64	242	156	30	104	71	240	226	206	153	166	297	245	134	180	20	120	33	217	72	40	39	39	60	285	283	183	248	190	100	87	88	53	54	46	
126	197	157	147	184	119	123	0	193	273	147	87	247	40	137	40	29	267	28	266	265	76	222	141	244	27	230	132	246	43	138	192	234	192	60	241	235	206	204	297	61	254	197	91	91	36	276	171	119	74	56	118	231	102	101	30	86	17	291	68	68	283	282	241	266	216	5	192	263	84	107	152	12	11	23	120	92	22	72	178	288	41	67	4	140	216	232	258	250	56	69	54	132	282	278	203	256	257	294	73	74	152	97	271	125	298	135	3	181	84	217	218	218	41	38	249	36	89	274	202	169	42	193	266	20	212	211	254	
114	113	28	224	183	102	274	275	240	273	272	148	248	298	105	104	87	30	268	126	266	216	17	9	275	164	257	57	54	247	191	137	210	16	59	157	180	179	287	11	98	244	65	282	280	275	44	277	35	252	55	204	127	9	161	268	77	85	144	110	197	204	160	141	25	268	215	181	85	289	264	265	163	12	12	24	25	178	177	177	289	112	34	33	32	217	159	158	76	68	69	80	133	175	283	240	294	293	229	250	3	72	272	126	127	185	186	187	188	218	283	282	219	143	24	160	270	90	88	80	81	289	273	191	123	158	137	133	
255	198	140	71	128	274	234	234	122	239	255	69	195	177	105	104	31	32	48	209	127	182	49	62	63	24	299	76	298	299	179	114	43	15	17	60	181	138	247	141	178	274	135	130	267	101	276	222	34	3	62	102	29	160	174	165	76	68	123	109	226	203	174	273	59	20	216	216	86	106	292	65	13	179	178	26	27	115	116	53	129	241	35	205	152	260	253	28	5	81	173	193	189	284	173	172	53	123	73	64	232	73	283	1	186	1	133	132	49	189	98	284	120	144	265	163	272	273	91	36	41	40	41	283	144	120	134	229	
256	122	174	95	204	259	233	139	210	225	225	126	178	183	106	124	87	20	43	128	181	50	146	41	63	38	132	247	162	259	115	145	16	22	61	22	23	159	130	170	275	49	49	173	110	102	95	212	178	2	3	242	19	157	175	178	233	234	267	124	225	273	256	114	21	147	219	142	143	144	263	14	21	292	113	232	248	247	117	28	54	285	206	178	128	106	107	81	71	80	82	188	292	285	7	173	91	103	74	286	24	74	102	52	97	42	2	134	110	163	157	158	33	281	280	76	166	69	131	42	252	217	203	145	37	70	71	135	
69	193	194	254	198	171	214	226	102	101	111	220	83	84	215	23	21	9	191	180	205	32	185	184	42	43	80	246	247	163	260	187	109	19	21	109	108	36	293	171	276	48	174	174	38	103	211	219	213	13	14	38	297	12	11	10	279	234	11	266	107	257	257	253	245	22	141	218	144	145	168	105	276	1	0	31	74	163	29	184	194	193	298	0	179	180	119	33	110	50	144	10	11	221	221	147	90	120	75	126	4	101	123	98	41	287	230	149	135	134	134	158	159	156	109	183	70	167	120	253	123	258	67	202	225	127	126	123	
68	6	285	95	277	180	181	112	79	139	177	146	283	67	102	60	139	249	178	190	33	79	75	43	279	44	54	54	164	261	188	246	108	4	51	209	252	118	294	123	155	221	121	120	39	203	197	14	14	269	179	221	220	298	103	168	252	261	182	106	182	51	254	275	54	53	15	81	81	145	70	134	50	275	12	73	255	36	213	214	46	19	297	207	180	120	174	173	205	111	279	122	253	220	198	148	30	138	119	157	216	105	99	42	287	129	120	148	235	234	183	120	183	108	280	24	13	83	83	196	228	80	33	206	15	16	108	44	
206	5	157	276	94	181	3	111	142	143	106	163	166	103	23	103	22	80	250	278	177	166	265	181	51	50	55	9	55	97	96	283	284	264	163	227	28	159	123	270	190	189	292	36	204	202	202	121	75	176	175	176	299	64	31	190	36	218	34	181	107	50	171	227	136	129	196	28	97	291	287	70	133	51	13	216	133	256	297	116	47	20	170	114	212	181	112	206	206	280	90	60	206	252	7	93	154	137	158	157	156	100	106	120	121	119	149	111	7	240	172	182	84	241	4	5	25	12	82	227	204	203	165	228	16	137	138	52	
190	189	64	142	95	4	5	98	99	3	38	85	261	90	102	24	5	6	81	136	27	167	168	193	163	52	53	290	98	98	99	154	149	187	188	123	124	195	124	191	271	191	29	158	42	90	120	68	37	113	121	36	35	300	91	42	27	26	262	182	191	172	228	137	137	206	270	27	289	96	157	71	206	120	55	132	133	208	257	105	115	156	39	119	34	33	272	297	281	281	61	178	32	33	81	8	145	155	158	230	229	237	107	177	233	145	150	89	162	171	140	282	185	162	292	26	205	72	239	189	205	164	227	297	298	166	51	115	
