850	854	854	854	859	860	860	860	858	855	854	855	856	844	842	857	856	841	843	858	862	856	857	872	873	874	885	886	885	888	879	889	889	890	871	872	861	862	873	866	866	875	862	863	864	865	871	856	856	857	857	859	861	860	828	829	818	831	829	821	820	821	818	820	821	829	827	829	827	826	830	829	816	815	815	829	766	769	768	775	776	774	775	756	758	757	758	762	760	763	762	761	762	761	764	759	760	763	764	765	764	766	750	758	757	756	732	733	730	729	730	728	728	741	751	752	751	750	750	751	752	753	756	739	740	740	740	741	
855	854	853	853	850	858	859	861	857	855	856	855	856	843	844	857	843	842	862	864	857	859	857	874	857	886	886	886	877	878	887	888	889	890	871	870	862	872	874	865	870	876	865	864	875	875	855	872	873	856	858	856	863	861	863	830	819	830	822	822	818	822	822	817	816	828	830	830	828	827	826	826	830	815	814	828	777	758	757	775	774	773	769	761	759	757	763	761	763	764	761	761	761	760	758	759	760	762	764	747	767	767	767	759	758	733	732	732	730	729	731	727	729	746	740	751	753	754	748	751	752	756	754	755	741	739	740	739	
855	852	853	854	849	859	860	858	850	858	857	856	857	845	844	856	844	843	863	864	857	858	860	859	858	888	882	881	880	878	879	889	890	889	870	859	870	873	875	871	871	872	867	863	864	856	870	857	856	856	856	857	862	862	829	864	831	823	831	819	821	820	822	818	823	816	830	829	829	826	828	831	828	827	826	778	776	756	759	757	753	774	762	763	759	758	757	762	762	760	761	763	762	759	766	757	759	765	763	764	766	753	768	753	759	730	734	731	728	729	730	725	747	740	740	741	750	749	745	746	736	757	759	758	759	742	742	744	
856	854	851	861	860	860	859	857	851	849	857	858	858	857	858	859	865	864	864	864	856	874	855	856	878	879	878	881	879	882	890	861	891	861	871	869	870	874	875	869	871	876	865	866	864	871	870	869	852	857	858	852	861	858	830	861	824	820	824	832	825	823	821	823	824	817	818	828	828	829	827	829	831	779	777	777	760	759	751	756	751	776	775	760	761	760	760	758	761	771	762	766	763	763	764	758	767	768	751	767	752	767	752	758	756	732	733	734	762	726	727	746	745	746	741	741	742	749	744	751	757	760	759	758	741	741	740	743	
853	855	855	850	861	861	892	858	852	850	858	857	854	856	846	844	843	844	854	866	860	854	859	857	878	880	878	879	880	881	892	892	860	892	893	859	870	871	872	870	870	863	861	867	858	858	867	852	853	854	849	860	859	860	862	825	863	823	824	832	831	817	835	825	825	834	834	829	848	827	828	830	780	832	778	819	760	758	755	750	776	756	749	770	771	759	759	762	763	771	770	763	765	732	759	766	767	752	750	753	770	753	759	755	756	757	733	732	761	748	763	750	751	753	742	741	745	746	752	734	747	760	747	762	744	747	745	741	
856	854	854	843	890	891	893	850	851	857	855	854	855	849	845	844	845	854	848	859	867	873	858	873	871	877	878	885	884	882	893	892	888	893	865	858	864	872	871	869	870	862	863	868	858	857	859	855	855	861	850	862	861	860	867	824	824	825	822	832	869	833	832	834	835	833	833	834	828	849	828	829	852	818	820	821	822	749	750	751	755	750	770	769	762	766	765	764	765	771	772	763	762	763	760	770	752	751	770	769	770	754	769	752	753	756	756	759	760	762	761	751	753	752	733	746	747	744	729	740	739	746	747	751	743	734	742	741	
842	855	842	892	891	891	854	893	852	859	858	855	857	850	857	846	855	856	847	859	890	873	872	875	877	876	880	885	884	883	889	891	890	887	861	864	863	862	865	873	872	864	862	863	857	860	863	864	854	862	863	862	861	874	859	862	823	825	826	833	833	835	833	832	833	834	819	829	881	848	852	851	825	821	822	819	749	751	748	756	751	752	751	770	754	763	773	772	773	773	764	763	764	765	730	769	767	752	770	757	772	756	755	753	754	755	756	759	742	761	744	746	743	751	750	732	733	733	731	740	741	739	750	747	746	748	733	747	
845	843	893	843	850	852	853	892	863	859	858	857	857	856	846	854	856	856	854	889	874	874	892	893	874	879	887	887	886	887	888	890	863	862	888	864	863	864	863	864	865	867	862	859	860	858	863	865	865	863	854	876	875	873	873	863	869	871	824	829	836	837	833	834	836	832	854	878	879	880	816	857	826	858	820	820	749	821	854	755	757	754	755	754	753	764	765	770	772	773	768	767	768	765	770	736	737	768	771	771	772	759	764	756	756	754	756	757	743	745	745	743	743	743	764	749	750	734	743	740	740	750	746	745	746	747	748	749	
842	844	844	844	851	890	854	893	862	855	858	858	858	854	857	847	850	852	852	891	890	891	894	890	883	882	883	888	894	890	889	891	892	863	863	865	858	864	860	863	867	862	860	860	865	864	864	864	865	855	871	872	874	874	861	875	870	879	872	872	868	834	834	835	854	853	879	879	881	815	853	858	857	859	859	821	822	858	854	853	758	758	755	754	754	768	769	732	774	774	769	767	766	766	767	737	735	768	771	766	758	759	757	756	755	756	755	746	746	758	746	746	743	742	742	741	750	742	731	739	741	741	747	747	748	753	751	748	
855	856	857	846	848	846	847	892	863	852	857	858	859	860	855	851	852	853	888	851	892	871	895	884	883	876	881	882	885	895	891	890	893	864	892	858	861	859	865	866	861	860	861	866	862	863	865	864	859	856	870	859	879	860	877	875	876	877	878	871	867	869	867	855	836	855	878	878	814	816	852	858	853	860	860	821	813	857	857	759	854	755	754	752	733	770	733	731	732	775	775	735	759	767	767	774	736	736	774	766	765	766	760	756	759	750	745	746	747	736	735	736	740	743	737	742	743	730	735	736	740	742	748	749	751	753	752	751	
856	845	846	847	847	848	847	863	863	858	851	858	857	879	877	854	884	855	856	874	873	891	877	876	877	878	857	856	855	884	888	866	891	893	890	891	863	860	865	867	867	861	862	867	863	863	864	863	856	855	856	869	871	878	877	876	877	878	872	834	833	868	856	837	856	837	879	815	816	817	817	817	818	819	821	831	812	858	857	858	856	760	753	754	771	734	731	773	769	733	734	736	769	758	775	768	775	737	775	773	775	761	767	758	735	734	747	746	735	736	737	739	739	740	736	738	736	730	730	736	743	743	743	745	750	752	752	759	
855	847	847	848	848	903	862	848	859	853	852	897	885	880	878	885	883	885	888	888	880	874	878	876	855	854	854	854	857	886	889	889	865	899	892	889	866	866	861	866	862	862	863	864	864	866	862	866	856	863	875	872	870	881	880	878	877	874	873	877	878	868	867	839	881	880	882	880	816	818	816	817	818	822	820	827	830	829	856	857	859	759	761	755	755	734	732	774	734	733	730	731	732	770	778	777	776	777	776	767	774	776	768	755	756	734	733	736	737	736	740	738	739	740	741	740	758	736	729	735	742	744	746	744	749	757	758	760	
856	855	855	904	903	863	902	908	863	860	920	886	884	880	881	879	885	887	888	887	875	857	875	879	856	855	884	855	890	890	891	864	893	893	893	867	864	862	867	867	866	867	874	865	865	863	865	865	862	864	876	882	871	881	879	879	870	872	874	875	879	875	868	869	868	867	881	881	881	820	817	817	823	819	820	819	824	756	828	758	858	859	738	762	738	756	775	774	773	734	732	731	732	830	771	779	766	766	752	768	753	753	754	755	754	735	738	736	736	734	735	736	741	739	753	741	757	740	729	728	730	747	747	745	750	747	758	761	
908	857	856	905	898	899	903	907	864	906	921	885	885	885	881	882	886	855	854	889	888	857	856	880	878	906	903	885	889	891	892	867	865	866	898	865	863	877	865	871	865	875	866	873	872	873	867	866	863	864	865	882	883	885	884	886	886	875	873	873	875	872	870	873	868	827	828	829	882	882	819	818	821	820	819	823	820	828	755	759	760	758	823	737	737	735	734	775	735	777	735	743	733	777	777	827	780	767	755	751	772	754	756	756	756	756	735	737	735	738	735	742	758	757	739	758	741	742	731	730	735	731	732	762	746	747	751	762	
909	907	903	901	897	897	906	904	907	905	920	922	886	884	886	885	885	856	890	889	858	889	856	907	906	907	908	890	886	890	891	866	900	896	900	890	864	878	873	870	877	874	874	867	874	875	865	864	867	866	869	871	881	882	883	887	876	876	872	873	872	871	872	867	828	828	830	827	830	820	821	821	822	878	824	827	829	828	827	756	756	822	738	810	811	735	739	732	776	777	744	737	745	745	826	827	765	756	750	744	743	749	749	757	752	753	741	736	737	738	739	736	741	740	738	739	742	742	743	734	733	734	733	763	761	742	741	766	
848	908	902	902	911	899	898	897	905	906	921	884	884	885	886	884	884	884	886	852	859	857	852	856	907	868	909	889	888	887	895	887	895	899	900	891	865	872	873	876	878	873	872	871	875	864	876	868	868	866	870	871	872	884	872	871	872	873	872	871	874	873	867	877	866	867	829	831	821	820	820	831	823	877	879	825	826	881	878	825	824	741	739	739	809	740	734	735	739	740	742	736	746	747	825	826	826	833	743	745	741	742	748	749	754	743	742	743	738	740	742	740	734	737	736	743	740	732	743	742	735	751	752	734	741	740	766	767	
848	847	909	897	912	899	898	897	898	886	885	885	885	884	884	885	887	886	887	853	850	854	857	858	870	868	910	889	888	890	894	895	894	895	900	864	865	872	871	874	877	874	877	878	872	862	869	862	869	866	871	869	870	885	885	873	872	874	875	872	870	868	876	877	875	830	831	832	830	822	832	824	827	878	876	827	883	886	879	825	826	740	809	743	742	808	736	737	736	743	741	742	766	767	826	830	831	832	744	748	742	747	760	763	750	757	754	756	742	741	739	740	738	735	736	741	740	733	734	766	743	752	750	751	752	741	741	767	
910	911	898	913	896	852	899	899	905	888	887	884	883	883	884	885	887	888	885	886	854	853	871	858	869	868	864	866	867	897	896	895	897	894	893	892	865	867	875	872	869	772	871	876	879	870	862	867	867	870	870	870	878	876	890	873	876	875	870	871	873	885	885	875	872	876	875	830	823	822	875	830	833	831	879	830	882	881	885	884	827	827	808	743	742	809	809	737	737	744	762	767	765	827	766	832	833	769	750	749	750	759	759	762	764	756	755	773	757	740	741	735	735	736	737	740	741	734	765	753	753	742	751	757	753	747	748	749	
850	912	912	899	897	889	888	889	908	906	905	918	884	885	904	905	889	886	887	921	920	872	871	870	870	869	866	867	893	870	870	868	896	893	895	893	894	772	862	770	868	872	877	880	871	861	871	864	868	865	866	879	866	877	878	875	874	876	870	871	869	874	876	871	877	876	834	833	834	876	825	824	832	832	880	880	880	772	884	883	827	826	812	813	811	810	738	725	743	763	740	766	767	759	765	767	759	771	759	751	752	726	760	761	766	756	771	772	758	742	735	734	735	735	738	740	741	737	747	764	741	754	755	753	756	757	751	751	
852	853	898	899	892	891	890	889	890	907	919	920	922	903	906	909	886	887	887	898	855	871	871	868	868	910	911	912	892	868	871	892	892	897	894	864	865	771	769	863	864	865	872	866	873	874	862	872	865	866	866	867	878	877	876	888	888	886	890	869	870	868	878	873	878	829	832	833	874	876	876	886	827	831	881	770	771	770	773	767	828	829	830	811	812	725	726	724	725	726	764	767	761	765	766	758	759	765	762	763	727	761	764	766	767	768	771	771	759	741	737	736	738	739	740	740	736	738	743	750	753	740	753	756	758	749	752	750	
898	899	854	855	888	891	891	899	905	908	908	922	921	904	877	908	908	908	899	902	872	872	905	906	869	867	911	768	867	893	867	891	872	895	865	894	772	770	870	770	772	872	866	865	865	892	890	866	873	890	883	884	884	883	889	881	887	885	886	887	869	877	874	877	878	879	846	875	876	875	874	826	832	885	882	769	707	772	774	766	768	769	831	821	820	725	724	727	725	816	820	762	766	759	757	835	739	764	763	764	728	728	765	721	767	766	770	772	719	745	741	740	740	741	741	740	739	743	749	752	751	749	751	759	745	759	750	751	
897	899	891	892	898	899	899	906	907	898	917	884	885	883	903	902	909	900	908	900	907	907	906	871	870	871	769	868	866	867	866	891	873	871	859	860	770	769	871	862	891	774	866	865	866	891	891	889	892	889	885	885	886	883	885	890	895	895	886	885	886	875	878	840	880	845	846	876	877	872	873	828	886	833	885	706	770	825	826	825	826	770	820	828	826	726	829	829	818	819	763	819	821	767	760	740	765	764	758	764	767	732	733	768	731	759	717	722	744	743	720	741	742	741	740	742	742	747	765	748	748	750	751	755	744	760	760	753	
901	897	890	894	897	896	898	900	901	913	920	918	883	882	879	880	881	907	906	907	908	913	870	869	768	871	869	870	867	865	892	867	872	873	859	870	766	767	861	863	863	892	877	866	892	892	890	889	890	891	887	887	885	884	884	884	894	896	842	887	884	887	888	886	881	889	882	874	834	833	877	832	829	885	707	708	772	826	824	825	770	816	824	829	827	817	828	829	819	764	770	769	768	769	768	766	772	771	765	761	766	732	727	730	758	759	756	722	721	721	722	719	743	741	741	742	749	766	745	747	768	756	751	754	756	752	753	752	
899	898	893	898	894	897	905	913	909	912	913	921	884	883	917	873	874	875	767	767	912	905	767	767	872	767	870	870	866	771	866	873	869	874	869	765	859	768	767	862	773	877	876	877	893	893	893	898	890	875	893	883	890	884	883	885	896	895	837	885	886	888	890	889	888	878	890	835	878	875	876	831	830	884	882	771	773	827	825	771	819	817	829	825	830	816	816	821	765	818	821	769	769	769	767	767	771	766	760	743	767	726	728	729	758	757	758	721	718	717	718	720	745	740	740	748	768	746	744	767	770	752	753	755	757	754	753	755	
900	896	897	895	892	893	903	905	912	913	914	915	916	884	918	919	875	875	768	766	906	910	766	766	768	911	768	872	770	770	770	867	874	901	871	861	860	766	769	772	772	767	875	878	872	897	896	897	892	895	896	892	882	887	886	891	841	840	887	886	887	888	886	884	873	875	882	872	871	877	832	875	883	881	882	771	774	768	828	886	770	818	828	827	829	813	820	815	822	771	770	771	770	770	1045	1045	772	767	768	765	742	730	729	727	733	758	759	759	718	719	718	746	747	750	743	746	747	767	745	751	771	754	752	751	757	755	755	756	
895	895	897	896	894	900	904	913	906	912	913	914	915	917	906	917	920	876	876	767	767	907	767	910	767	767	912	771	769	767	769	870	900	870	862	862	766	764	766	771	773	770	881	874	898	871	872	896	894	896	894	894	865	883	890	842	847	893	887	886	889	887	887	885	874	870	881	873	874	874	876	886	884	882	882	772	888	770	769	771	888	829	889	830	820	823	816	816	812	772	772	771	771	772	773	1044	764	769	764	767	741	728	729	727	731	730	760	719	752	720	722	746	748	748	749	747	748	749	768	772	736	751	754	756	749	753	754	755	
896	896	897	898	899	900	903	905	890	891	906	914	916	905	915	907	873	876	877	883	766	768	908	769	911	872	766	769	768	768	768	768	903	863	861	863	765	765	765	772	773	881	771	880	875	872	877	879	897	895	896	886	887	865	885	846	843	846	872	846	888	890	888	888	872	871	908	875	873	873	883	885	887	888	886	888	887	887	772	772	885	831	820	821	822	815	822	726	773	773	772	772	771	772	766	1044	770	766	765	740	740	728	729	730	728	732	719	718	720	721	722	758	757	756	741	744	745	746	750	746	750	735	757	753	757	752	754	755	
900	898	899	898	894	894	904	929	928	885	884	905	924	923	904	875	914	883	882	768	768	765	768	767	768	769	873	874	769	769	767	860	902	864	862	905	904	878	877	881	880	882	878	770	882	883	878	768	880	881	878	881	885	888	886	845	844	871	845	848	883	889	890	873	885	885	909	907	825	826	876	875	883	890	885	884	885	887	886	884	885	892	819	820	825	824	823	823	774	725	763	765	764	765	773	1042	1046	766	767	742	729	730	731	734	733	732	733	720	721	720	759	757	757	757	741	740	744	746	745	745	736	758	736	755	753	754	755	753	
917	895	894	896	893	895	892	927	928	927	906	908	924	923	922	913	874	880	884	768	767	767	766	769	939	872	874	771	770	878	859	861	871	905	904	904	877	876	878	881	909	881	771	881	877	877	767	768	770	897	884	879	889	885	876	876	877	891	885	884	872	874	872	886	886	887	910	908	908	909	906	884	876	889	886	882	886	888	890	882	820	819	818	822	825	826	725	895	723	724	1055	762	763	823	822	823	1047	767	768	769	743	733	732	743	740	734	734	760	759	744	745	745	756	748	745	746	744	746	746	744	737	737	738	756	756	754	754	755	
918	896	895	894	897	893	928	928	926	929	928	929	922	924	908	875	912	913	769	883	886	768	769	940	938	875	875	868	868	879	879	860	872	872	871	871	872	871	872	879	878	767	768	879	878	768	768	768	884	898	883	890	888	887	886	877	881	892	885	873	873	873	881	880	886	885	909	826	910	905	906	875	889	877	887	889	889	888	890	889	820	819	821	819	819	817	827	827	896	1056	1056	1057	762	823	822	1039	1048	1046	745	744	740	738	738	741	743	741	775	761	747	758	746	746	749	746	747	746	743	741	742	741	745	738	757	757	755	755	753	759	
896	919	895	897	896	901	888	889	925	927	927	921	930	931	910	913	913	878	879	878	886	882	883	938	884	939	876	876	867	869	872	870	750	873	870	868	870	871	879	880	911	769	768	881	881	771	769	884	885	887	888	884	881	888	881	881	880	877	882	879	874	874	886	881	886	887	870	824	825	886	887	888	876	888	890	813	887	892	893	882	890	892	893	898	818	819	820	897	897	1059	1059	1060	826	761	763	1038	776	1049	746	741	741	1045	739	732	740	774	776	746	760	748	776	762	747	748	749	748	749	742	740	768	742	758	743	757	756	743	754	755	
897	867	896	896	896	895	887	926	890	891	930	922	923	908	909	872	881	880	881	879	881	882	883	883	942	941	939	877	868	868	874	751	871	867	751	869	869	880	881	879	768	769	880	881	880	883	883	890	886	888	887	885	889	884	881	880	881	883	880	883	879	885	885	884	885	873	871	905	826	826	885	886	894	894	887	893	886	888	890	889	890	891	890	897	898	819	897	896	1058	823	824	825	1047	760	762	1048	775	776	747	747	1044	741	740	732	731	775	775	758	759	775	734	761	760	748	750	748	743	749	769	769	743	743	742	756	742	744	755	754	
868	866	866	897	896	886	896	927	891	913	889	923	914	912	913	910	881	872	883	882	882	887	888	882	942	942	939	940	876	873	751	750	868	868	868	869	870	868	881	880	880	778	884	879	884	886	882	883	889	889	887	888	883	880	880	879	882	879	884	886	884	878	886	886	874	886	905	906	890	827	887	834	894	893	892	888	887	888	891	885	890	891	885	892	898	895	900	898	899	824	1045	825	826	761	761	1046	1049	1045	1046	1046	1045	1046	733	747	747	776	759	770	731	733	760	759	761	761	752	747	752	754	749	770	771	743	744	743	747	758	757	755	
868	867	867	867	886	885	888	897	928	914	915	914	912	911	910	909	874	875	876	884	936	886	887	883	875	875	943	940	750	875	880	754	753	752	879	880	869	877	872	872	873	885	892	878	879	885	877	874	885	893	890	888	889	884	878	881	882	883	882	885	887	885	886	885	884	888	905	905	906	832	833	835	824	893	894	888	886	885	901	901	902	903	891	777	778	894	900	899	890	1046	1046	1046	762	1048	1047	762	1046	761	1047	1046	1046	746	747	748	770	767	769	770	733	734	761	756	752	740	748	753	757	753	751	748	747	748	743	748	744	748	756	756	
867	866	889	869	870	890	886	929	889	929	925	913	912	888	910	885	873	875	885	937	873	887	878	871	875	875	880	879	878	877	878	879	753	754	882	870	893	878	884	778	780	781	891	883	878	883	882	875	883	884	892	891	884	890	879	879	880	881	885	881	884	885	884	886	886	885	887	834	833	833	836	824	894	823	824	825	826	890	901	900	906	905	907	900	890	1042	901	1046	1045	770	769	1045	1046	1047	766	1049	760	1049	762	1048	1047	737	746	747	748	749	769	768	731	735	735	757	756	757	739	756	757	752	754	750	752	750	779	751	748	750	757	757	
868	888	889	889	890	889	891	890	895	890	887	888	889	890	889	884	886	876	875	938	872	888	889	872	874	874	877	876	878	879	879	750	754	752	751	881	882	883	780	779	780	890	891	892	882	881	876	882	882	882	883	884	885	885	880	880	881	884	882	883	884	886	883	884	889	890	835	834	835	832	834	835	895	825	876	882	884	891	892	893	900	901	900	899	1043	1041	1047	1041	893	771	1048	771	1050	1048	772	767	761	1048	763	744	739	1048	738	746	747	749	770	733	736	737	733	736	737	740	741	757	926	753	751	751	752	752	751	752	749	749	746	758	
889	890	891	891	890	890	898	898	892	898	890	886	884	886	885	890	887	886	877	939	874	889	871	873	895	898	940	874	880	880	876	877	751	752	753	771	880	881	781	774	884	880	893	882	883	880	877	881	881	884	884	884	880	883	884	881	882	885	885	887	885	882	883	884	885	886	891	903	837	833	837	891	885	884	881	875	883	881	893	902	901	902	900	897	898	1044	1040	1041	892	770	772	771	770	771	773	1049	763	745	761	745	744	745	746	739	746	750	744	733	732	760	734	745	736	740	739	740	741	754	931	752	753	750	751	749	750	750	750	749	
883	891	892	890	872	873	897	896	897	889	871	877	887	883	889	875	887	878	887	875	876	875	891	872	894	939	875	879	879	877	881	878	753	754	884	755	770	752	775	883	782	894	882	881	880	881	882	878	882	882	883	883	884	879	882	885	882	888	886	884	886	883	884	890	889	888	887	834	904	836	836	836	892	881	876	882	880	900	894	895	903	902	901	896	898	1045	1043	891	892	771	770	771	772	1050	770	769	769	762	768	744	742	744	740	745	740	751	742	743	759	743	744	735	741	737	740	929	929	930	748	753	751	752	752	750	751	751	748	749	
882	884	885	871	867	898	863	898	887	888	889	884	888	886	874	876	879	879	893	893	894	896	897	919	881	938	875	880	878	882	883	758	881	755	883	885	753	751	884	773	780	883	760	759	882	886	885	890	890	890	884	886	883	880	887	888	884	885	887	887	882	884	885	908	907	834	906	888	833	834	837	893	892	880	880	881	849	899	898	852	848	851	903	897	897	1045	1044	892	1037	1036	772	1047	1048	1047	1047	768	769	770	764	767	769	743	745	747	739	740	744	760	742	745	744	730	742	929	930	750	933	931	782	781	752	751	750	771	749	749	751	749	
882	881	886	886	874	898	897	888	899	891	890	888	889	887	892	875	870	874	894	894	895	916	918	902	901	876	876	877	883	879	881	882	880	756	886	749	885	886	762	781	757	761	760	898	760	881	885	892	889	890	891	884	882	883	891	890	881	881	884	885	884	885	885	904	904	835	834	834	835	838	882	891	881	881	880	881	882	850	852	851	850	852	851	849	1045	850	1043	1039	1038	1038	1037	1038	1046	1046	769	769	769	763	1052	768	767	747	747	1050	748	740	743	761	761	746	773	731	731	932	931	932	749	750	783	783	784	753	770	752	776	776	752	750	
882	873	884	871	873	874	899	893	889	890	867	889	886	888	889	871	874	871	873	882	882	917	919	921	877	920	901	881	882	880	907	881	762	757	758	759	760	762	761	775	760	761	760	759	881	880	886	888	889	892	893	885	883	879	890	891	882	880	883	884	882	906	905	906	904	835	835	836	886	884	837	890	888	881	882	762	849	851	849	853	853	851	850	853	1046	1048	897	896	1040	1041	899	1047	741	1047	740	770	770	770	767	768	1055	748	1051	754	1049	746	762	765	746	744	774	774	733	774	932	934	778	779	784	775	784	754	752	772	751	775	751	774	
866	885	874	865	866	871	875	890	898	892	893	894	892	889	891	875	872	882	881	881	920	921	921	922	920	919	903	902	881	906	869	882	763	880	896	894	896	763	901	759	893	892	760	894	881	883	885	890	890	894	891	882	884	878	877	878	878	878	884	884	885	886	904	901	905	905	858	887	888	883	882	889	889	763	886	887	847	853	852	850	852	855	841	842	1049	898	897	897	1038	1042	901	1037	1038	738	771	1051	1052	1052	1050	1052	1054	749	1004	755	744	1050	743	763	764	745	771	773	773	731	729	730	935	936	776	774	777	772	772	752	753	771	772	779	
871	868	875	869	870	867	870	868	871	890	891	895	893	894	895	874	872	879	878	879	921	920	922	922	921	923	904	903	904	905	904	870	881	764	881	764	895	897	899	900	762	763	893	889	882	881	882	764	882	903	904	892	879	880	883	878	877	901	878	885	878	879	880	905	906	899	857	889	887	888	884	885	764	765	766	767	848	854	849	1040	1040	853	857	842	852	898	898	1045	898	899	904	1039	739	739	1052	1022	1053	1051	1051	1053	1052	742	756	745	746	1006	1051	1052	728	746	772	774	775	732	730	731	940	938	938	938	777	772	771	761	760	770	780	779	
865	866	867	868	867	872	869	870	869	891	895	892	895	871	871	893	878	891	880	925	926	923	923	906	924	922	924	907	906	906	904	905	906	765	878	879	765	897	898	897	898	891	890	881	900	895	883	884	883	883	904	905	882	912	886	878	902	876	879	879	877	861	861	906	898	907	907	888	890	886	886	884	764	767	766	849	852	851	1041	1039	1042	1043	1044	858	853	899	1045	1044	900	1050	1040	903	740	1016	1021	754	1056	780	1054	1054	1053	741	1050	859	858	1005	753	727	747	773	774	775	775	774	732	941	939	937	765	939	776	772	773	764	761	759	779	779	
867	866	869	890	871	870	871	882	895	894	871	885	883	896	870	871	873	879	892	879	924	909	907	907	772	923	905	906	905	905	924	875	874	879	880	764	765	898	767	899	898	889	889	893	894	895	894	897	906	905	882	881	886	885	911	903	902	901	877	878	862	862	862	899	900	908	909	889	889	857	882	763	762	764	767	767	762	1041	852	1041	898	1044	1043	1043	859	1043	1043	898	899	1051	1047	1044	1020	780	779	1020	779	1055	1055	1054	1050	750	749	1005	1004	1006	752	726	728	775	768	774	760	733	773	942	939	938	940	766	765	758	765	754	754	762	780	774	
867	868	889	890	893	894	895	872	881	896	897	871	884	882	871	872	874	872	878	879	775	925	908	908	775	906	776	904	906	923	924	880	879	880	765	765	764	763	771	768	886	887	869	890	892	895	898	895	905	906	882	881	911	884	904	904	911	912	911	877	875	863	862	855	900	899	902	903	890	856	856	855	765	761	764	764	765	1042	894	897	894	1042	738	739	1044	1041	1042	1043	1050	1046	1045	1021	1045	1019	1020	1021	779	780	997	998	1051	752	1006	753	1007	858	751	753	729	1001	729	727	729	773	759	943	939	938	939	766	767	768	764	758	753	775	773	775	
883	870	891	890	877	878	882	880	890	897	897	898	890	889	888	875	873	891	873	875	776	774	775	774	907	777	777	775	923	925	876	875	876	880	888	765	765	766	764	765	879	870	871	891	891	881	883	878	898	897	909	908	910	883	885	905	905	913	913	879	880	863	856	856	907	903	903	910	891	857	856	857	762	763	764	763	896	895	897	896	1043	895	737	736	1042	1040	1043	1044	1052	1050	1051	1050	1044	1045	758	1022	1054	767	780	767	998	998	752	862	754	1011	751	730	1000	730	729	726	728	762	762	942	942	940	941	773	773	769	757	777	775	754	776	774	
872	874	872	876	894	881	879	887	891	889	888	890	890	882	889	890	890	875	874	876	893	776	777	778	778	908	780	778	922	923	926	923	877	878	886	887	766	881	766	880	871	875	875	881	883	882	882	883	902	878	898	899	911	882	886	883	912	915	914	909	878	765	855	908	855	908	902	906	909	910	911	858	764	764	767	766	762	762	896	898	1044	1040	735	907	1045	1041	1044	1043	1045	1050	1051	1052	1049	1048	781	757	781	778	769	769	999	999	862	861	862	1011	1010	1002	1001	765	760	759	727	729	943	763	943	763	764	772	771	770	770	776	777	758	776	775	
883	871	873	874	880	882	880	886	885	892	889	885	890	889	888	889	876	886	888	891	892	893	777	908	778	779	779	923	924	923	923	878	923	878	888	885	880	772	882	879	881	882	880	876	883	883	878	881	877	878	899	910	900	884	786	911	903	904	900	901	764	862	863	909	909	856	907	908	910	912	866	859	765	763	765	766	763	761	899	857	1043	1044	1045	907	906	1046	1044	1045	1050	1049	1052	1053	1053	782	1020	1021	782	770	770	1000	864	862	862	763	1012	1002	1010	1009	766	766	763	761	760	754	753	754	774	762	763	770	760	758	759	759	777	778	755	752	
884	874	874	881	880	881	880	888	888	891	891	889	890	888	889	885	886	887	774	890	893	776	907	779	909	780	780	924	924	913	926	922	920	887	886	886	887	769	880	893	891	876	881	883	882	905	882	883	884	878	905	901	885	889	885	786	787	901	902	901	900	901	864	863	863	907	909	910	913	913	865	868	869	765	766	763	765	762	897	764	1043	1042	1043	1046	1045	892	1045	1046	1051	1049	1014	1019	1054	1019	1020	1022	1014	771	770	771	849	863	863	762	764	1003	763	766	765	767	764	762	776	761	774	775	769	764	799	764	759	755	756	758	778	756	759	760	
883	885	886	887	880	877	891	889	887	888	889	888	889	874	889	889	880	891	891	773	772	776	777	776	915	914	781	911	913	925	923	914	919	888	883	888	882	881	890	892	892	895	893	903	884	881	882	884	878	908	906	907	888	889	890	886	787	851	917	903	902	903	862	908	911	908	861	860	912	864	914	867	884	760	759	765	766	766	765	898	904	1041	906	905	891	904	1016	1015	1047	1015	1023	1019	1018	1017	1018	1021	769	769	849	850	850	865	864	855	763	765	762	764	766	765	766	767	761	775	761	770	768	768	798	798	765	799	757	759	792	790	793	761	
884	885	888	887	876	876	881	890	888	883	890	881	873	890	889	879	881	881	889	888	774	775	777	777	915	914	908	914	926	922	922	913	887	925	926	883	887	888	887	888	884	900	894	883	882	882	881	885	883	909	907	906	911	890	852	887	852	903	903	916	764	863	765	764	768	767	859	863	865	867	915	863	883	765	764	765	757	889	759	899	889	903	740	905	890	1017	905	1016	1016	1021	1020	1022	1023	1019	1021	1019	1017	850	850	857	847	850	865	865	784	764	860	783	766	765	767	767	761	760	771	769	771	769	797	797	748	758	798	756	760	791	792	791	
886	885	877	878	875	887	875	873	889	883	884	873	874	882	891	876	886	886	889	890	890	775	771	909	906	907	908	915	925	925	924	925	886	927	927	925	888	888	891	885	900	899	905	884	884	881	881	882	880	910	910	910	886	890	886	886	792	791	766	765	766	764	862	861	914	766	866	860	862	863	862	887	762	885	885	884	889	892	891	892	742	743	894	904	1056	909	1027	1023	1023	1022	1023	1022	1023	1018	1020	1020	1020	1022	849	772	856	851	856	857	858	859	858	859	766	767	730	1013	768	773	761	771	770	770	798	798	798	797	757	769	771	792	793	791	
884	879	863	879	863	886	873	872	884	890	884	873	852	874	877	887	885	888	892	891	893	894	772	772	907	909	916	924	924	925	926	924	886	895	893	891	893	889	886	886	886	888	903	904	903	879	880	883	884	885	883	886	882	885	885	886	791	905	916	767	759	765	861	913	862	769	865	865	865	862	884	885	886	888	884	888	885	906	1019	903	892	742	742	905	905	1055	1028	1022	1023	1022	1023	1024	1022	1023	1021	1020	1021	772	771	857	856	855	857	852	793	785	786	860	791	795	786	731	792	792	793	776	777	771	772	801	800	799	782	791	789	792	794	779	
886	888	889	862	887	887	881	887	873	891	853	891	874	851	884	878	878	889	879	892	880	905	878	908	908	865	912	911	925	926	915	918	897	887	894	895	890	892	894	888	887	888	868	869	868	904	905	885	886	886	886	885	886	884	882	884	794	790	865	759	760	758	766	861	769	768	866	864	864	862	887	887	886	887	887	886	904	905	1018	1017	743	744	1019	765	907	906	907	908	1017	1016	1023	1017	1016	1024	1023	1022	1022	772	855	858	856	857	853	793	792	789	791	792	792	792	794	733	732	775	775	779	754	756	772	798	799	783	781	783	790	790	780	792	
888	888	890	888	888	880	888	888	873	857	854	875	852	875	890	879	877	880	873	878	880	906	877	909	909	866	866	912	912	880	917	917	897	896	894	892	892	891	892	889	887	726	869	867	871	869	905	906	887	873	887	886	885	906	885	794	793	791	791	864	865	866	862	864	864	867	868	861	865	863	886	871	872	871	892	891	888	1019	1019	1018	1018	1020	764	765	1021	897	1027	1055	909	1018	1024	1025	1017	1016	1025	1025	1026	1028	845	854	854	852	858	793	793	787	789	790	792	793	794	733	777	774	754	753	751	755	753	799	798	778	783	782	783	772	791	781	
887	888	889	889	889	881	887	875	874	874	856	851	856	850	853	873	872	878	872	877	877	881	878	862	872	871	867	867	882	881	918	888	918	897	889	891	898	892	899	891	888	872	725	870	870	871	906	873	872	888	889	886	884	799	790	886	794	792	792	865	865	790	865	863	771	770	868	866	774	869	889	888	870	891	892	891	1032	1033	1018	1020	1034	1032	765	1019	897	898	771	1019	1021	910	1018	861	1017	1020	1024	1026	1028	1030	1031	1034	1026	1027	1028	794	795	870	790	791	789	787	784	785	786	755	755	754	754	756	798	799	799	801	782	781	783	784	780	784	
889	888	890	887	855	854	854	876	876	876	877	851	850	849	853	854	874	873	875	876	874	878	875	871	871	870	872	779	896	895	781	889	783	782	783	894	897	898	888	890	889	724	725	726	869	868	868	799	872	890	890	799	798	796	790	789	793	791	793	795	789	791	893	898	866	865	771	765	773	774	772	888	887	888	893	893	1033	1034	1040	1034	1032	1033	1034	1040	898	770	1020	1020	1018	911	860	848	855	1018	1027	1019	1029	1029	1028	1025	1027	1034	1027	796	1029	791	792	790	791	784	786	787	786	787	761	754	753	751	799	800	800	800	781	779	785	782	783	781	
889	889	887	856	890	898	853	889	876	877	878	851	851	852	875	874	875	876	877	875	875	874	872	779	870	871	874	876	875	875	784	893	898	897	785	784	886	887	899	887	725	890	804	727	870	869	869	798	800	801	879	889	799	877	797	864	794	792	792	793	792	792	894	892	866	892	866	774	773	774	774	771	888	890	894	895	1034	1034	1033	1035	1041	1033	1032	1039	1041	1027	1021	1019	1020	1027	912	847	846	847	1020	851	849	848	1033	1023	1025	872	873	1030	1030	1030	871	869	783	792	787	789	788	760	759	753	754	1001	801	801	772	799	781	780	779	780	781	784	
890	890	889	891	889	888	897	890	900	901	852	898	897	859	877	849	877	873	853	874	876	875	876	876	874	872	877	875	781	780	783	783	892	786	898	887	887	886	888	888	863	804	803	803	870	869	797	867	799	878	890	874	800	878	798	863	865	791	796	797	793	868	895	894	891	893	867	867	869	773	772	772	891	889	1031	1032	1033	862	1038	1032	1033	1034	1040	1046	1046	1026	1022	1027	1026	849	848	849	854	853	852	854	850	854	1034	854	1024	871	872	1030	1029	1028	871	867	871	791	872	758	790	761	761	760	755	802	1000	1000	754	782	785	780	780	780	783	785	
889	889	892	879	889	898	899	891	898	899	853	855	899	882	858	851	848	875	852	853	875	875	781	875	873	782	781	782	782	781	781	894	893	891	899	888	886	887	889	804	805	802	803	802	870	798	794	919	878	889	799	799	800	875	879	799	922	863	795	798	867	896	794	795	892	899	894	868	768	870	776	773	890	891	892	1030	1031	1039	863	864	1031	1032	1035	1045	1044	1023	1024	1023	850	1023	1025	858	850	853	850	851	853	853	853	854	872	872	875	875	1029	1034	870	872	869	870	871	762	757	761	762	762	760	999	999	754	753	784	755	784	783	783	781	782	
891	890	879	879	878	880	889	891	856	857	855	854	881	900	850	849	855	856	851	876	773	871	874	878	878	879	783	780	779	780	776	895	782	894	889	889	888	866	865	865	803	888	889	890	872	871	920	795	801	879	800	798	874	861	862	921	921	794	799	794	794	895	794	893	900	893	898	769	869	777	774	775	1022	1023	892	1029	1030	1022	864	1042	1046	1047	1045	1043	1045	1025	1026	1024	1024	1026	1024	857	856	853	852	853	854	854	851	879	873	874	876	876	1028	1033	873	871	871	769	762	761	761	760	760	763	993	994	1001	1000	754	798	787	786	782	782	781	783	
892	892	880	880	881	879	890	892	856	855	879	880	852	851	857	856	851	854	876	854	773	772	879	776	877	767	767	767	779	777	781	781	885	776	885	890	887	865	864	867	868	868	784	869	891	801	800	800	802	797	798	799	799	920	920	920	796	863	866	814	896	795	789	894	901	772	899	900	773	774	778	775	1023	1034	1018	1032	1033	1021	865	1042	778	778	779	1044	775	776	1026	1021	1027	1048	1049	1028	851	853	852	855	856	853	878	852	875	875	877	875	876	874	1032	771	770	771	768	763	767	761	764	764	993	994	1019	1020	766	799	797	786	787	786	772	771	
885	876	881	879	881	883	889	891	891	881	859	858	857	853	859	855	852	877	875	774	771	772	777	775	777	768	768	778	779	884	769	882	784	884	777	886	880	882	868	869	868	867	783	801	800	799	799	803	891	798	800	793	914	920	919	920	864	813	802	813	897	790	788	790	789	773	900	774	889	775	779	1018	1017	1019	1033	1032	1034	783	1044	779	1041	777	1046	1047	1045	1019	1017	1019	1028	1029	1050	1029	1030	852	856	854	857	874	877	880	853	880	876	1033	875	1033	1034	771	770	774	773	764	764	762	997	994	765	995	1020	1019	786	785	1021	788	785	773	787	784	
884	884	884	880	882	882	890	878	878	892	882	883	859	858	859	860	853	876	862	874	772	772	773	782	775	776	777	779	780	885	767	768	881	893	887	887	866	881	792	869	869	869	782	783	801	800	801	892	892	891	892	792	921	805	804	798	811	812	814	813	817	804	791	789	774	772	772	890	888	776	1019	892	1020	1034	1035	1036	1033	1046	1045	1046	1042	1048	1047	779	1046	1037	1038	1018	1021	1051	1024	1028	1029	855	857	855	874	875	878	877	879	879	880	873	878	876	869	1036	772	771	773	774	765	996	996	994	995	991	1023	787	1023	1024	1021	905	788	782	1001	1000	
878	883	881	883	886	885	876	875	877	860	859	856	857	857	859	854	860	861	877	773	771	776	776	774	781	776	775	778	779	766	767	882	892	888	887	886	886	882	791	794	783	785	786	796	797	798	805	806	891	790	789	793	793	806	803	812	799	810	811	812	791	790	792	898	899	900	898	899	894	894	777	891	1021	1021	1034	1035	1035	1036	1046	779	1044	1048	907	779	778	773	1026	1019	1029	1030	1052	1025	856	861	855	876	875	876	878	879	762	763	878	881	877	876	868	773	774	772	777	778	773	767	997	770	995	1024	1024	1025	1024	1022	1023	1022	783	906	905	904	
878	879	884	888	886	875	884	878	876	878	857	860	859	858	858	860	862	861	766	863	864	777	775	775	779	780	777	778	769	784	890	891	777	778	775	778	779	780	790	793	795	784	797	795	803	926	925	927	928	892	797	797	807	791	813	919	813	811	813	813	814	815	791	804	805	896	900	899	900	891	902	888	890	891	892	1044	1045	889	888	780	1036	908	775	778	1026	1025	1020	1030	1018	1021	1029	858	1032	1032	1032	990	875	878	878	879	760	877	878	877	882	879	748	869	774	870	870	774	999	736	996	997	1024	996	1023	1020	1021	1023	1023	907	902	1003	905	904	
879	888	887	886	887	876	883	876	877	879	880	858	776	860	857	859	860	766	765	862	864	771	778	898	897	778	781	782	783	768	891	891	892	779	780	774	773	794	793	791	891	785	923	791	796	926	927	926	790	793	793	792	792	793	795	918	812	791	814	816	815	815	818	806	806	807	895	896	890	901	889	890	892	891	892	1044	1045	889	890	1035	1036	1037	1038	870	1027	1023	1021	871	872	1030	1020	1033	859	1031	1032	989	879	877	762	759	775	774	882	881	878	751	880	870	869	870	775	1000	998	739	739	996	997	997	995	996	1022	1024	906	800	798	905	904	903	
773	880	885	888	877	878	882	879	883	880	885	881	776	888	764	777	861	766	767	863	863	786	897	896	900	778	782	782	769	891	892	890	777	779	777	772	773	794	790	892	890	891	923	792	925	797	799	927	790	792	791	797	793	794	794	818	789	790	815	817	905	906	907	819	908	807	897	896	902	902	903	892	891	892	1045	780	779	1039	1040	1041	1036	1037	1039	869	1028	1027	1029	1030	1031	1032	1024	1034	986	987	1032	1034	879	878	879	758	772	771	765	766	775	776	750	881	754	776	872	777	776	738	997	774	774	1015	1015	1013	997	905	904	799	906	906	798	904	
775	773	774	886	885	777	882	878	880	886	884	777	887	765	776	766	862	768	861	864	787	789	787	897	899	783	784	781	891	890	900	778	779	908	771	778	794	890	792	893	922	921	793	793	786	786	798	928	790	786	792	792	797	795	922	921	817	816	908	907	906	905	820	904	903	907	778	921	921	903	890	893	891	891	891	779	1045	870	1042	1043	909	910	870	1030	1029	1030	1027	1028	873	870	870	986	871	1032	771	770	1033	1030	1031	760	773	764	767	773	777	748	775	776	779	775	775	868	739	775	773	773	938	1016	1012	1014	908	998	906	905	909	798	783	905	
774	774	775	887	776	776	879	880	883	882	876	885	890	889	780	767	768	861	869	863	790	895	788	899	898	784	782	785	783	901	902	901	898	907	774	774	779	793	791	794	794	794	793	794	789	785	787	799	785	793	791	791	796	797	922	792	795	819	820	820	906	821	904	903	906	908	779	920	922	895	889	896	895	890	898	1046	894	891	869	870	870	911	871	1030	1029	874	873	872	874	875	869	870	987	1019	772	771	1027	769	768	762	774	765	773	774	776	776	774	775	774	773	774	871	737	736	774	741	1017	1014	1013	1016	1015	909	999	907	799	1026	906	907	
776	771	775	888	771	772	883	882	881	883	883	875	876	886	778	779	860	864	864	791	870	896	790	888	900	783	901	783	784	898	897	897	908	903	773	775	794	792	792	792	793	792	894	784	795	789	788	788	794	786	792	793	792	797	792	791	794	818	821	820	906	797	798	799	904	905	912	913	923	924	897	926	891	897	889	893	895	893	871	783	869	868	870	871	872	874	873	873	874	873	870	871	1018	1019	768	1026	1027	770	770	769	763	764	774	767	925	925	775	923	872	873	737	872	737	737	739	740	741	1014	1014	1013	1020	1016	907	1026	1025	1026	782	784	
775	772	879	770	773	887	776	776	882	885	883	882	883	875	767	766	861	861	863	866	897	871	892	893	890	901	902	900	901	785	899	906	905	905	904	775	776	782	781	797	797	798	799	794	796	797	798	787	787	791	792	796	794	795	791	795	795	822	823	797	796	909	800	916	910	906	912	912	925	899	925	893	898	905	904	872	873	785	782	872	784	875	869	870	871	869	870	1032	920	872	922	1019	1018	1020	1027	940	771	771	768	770	771	772	768	926	926	924	926	924	741	874	739	873	738	740	741	738	739	1021	1020	1019	1017	908	907	1028	1027	1026	784	783	
773	776	773	880	881	777	886	885	886	883	884	885	776	777	764	766	772	862	862	864	865	866	774	891	892	896	786	899	900	899	907	906	907	906	777	786	776	784	782	798	796	795	768	767	797	796	797	765	759	760	792	793	795	796	797	796	831	794	831	795	909	910	909	915	907	911	911	921	922	900	892	896	902	899	905	896	873	786	787	785	876	875	874	872	869	914	917	861	918	1019	922	1019	1019	1026	939	940	943	769	942	943	772	773	769	769	772	773	926	925	879	742	739	740	739	737	740	739	739	1019	1020	1025	909	908	909	908	1034	1017	1027	1021	
777	774	772	774	776	777	874	882	882	887	877	878	766	765	875	767	773	769	863	863	865	775	776	900	892	897	898	787	884	885	898	908	898	901	900	777	785	882	880	799	796	787	768	768	769	764	764	763	761	761	759	794	794	798	797	832	834	795	830	832	911	911	910	912	915	912	919	920	922	893	831	895	901	901	904	905	862	874	788	787	786	875	875	875	876	861	860	917	922	1018	1020	1018	941	940	938	944	942	941	942	772	773	771	772	773	768	924	924	926	762	878	876	739	738	741	738	1025	740	1021	1026	912	909	910	910	1035	1035	1021	1016	1028	
886	775	886	777	778	873	873	881	883	883	876	877	775	874	875	876	773	776	772	776	776	777	901	902	901	893	881	883	885	886	897	898	899	901	902	903	786	878	881	797	788	797	765	769	768	763	765	762	763	764	762	760	797	794	833	831	832	831	831	834	912	916	914	908	911	913	913	921	917	909	836	833	902	902	903	901	897	904	903	905	876	787	876	877	877	916	915	917	923	923	1019	1019	1026	1026	946	945	942	943	769	943	774	771	766	767	768	945	925	927	763	766	760	878	740	740	1024	743	742	741	1032	910	911	911	1020	1019	1020	1027	1017	1017	
886	887	886	777	778	874	874	875	879	877	882	776	774	874	876	771	772	773	775	773	774	775	890	776	894	899	882	882	884	885	887	884	882	901	900	903	906	906	880	787	764	766	766	770	779	764	764	765	763	764	761	762	796	834	832	832	833	830	831	829	917	916	915	913	914	914	826	909	908	907	835	834	834	835	900	902	904	897	897	906	877	862	911	862	896	901	900	1033	918	1031	1026	1030	1029	946	945	945	944	768	769	770	943	772	949	945	944	771	944	928	767	761	761	761	942	942	1028	1025	1026	1030	1033	1031	1028	1021	911	1021	1020	1016	1026	1024	
888	885	888	778	769	769	875	878	880	881	878	884	884	784	875	784	773	771	776	776	774	891	889	775	892	880	881	882	881	882	879	886	897	908	895	894	893	894	788	788	765	765	763	771	772	775	765	762	763	799	763	799	783	833	835	833	831	836	832	918	916	782	782	914	915	916	910	910	909	908	835	791	900	903	902	903	903	898	904	903	861	860	861	910	896	895	900	899	900	1027	1032	1025	1028	1029	1027	944	943	940	769	942	773	939	808	948	943	943	772	768	770	768	762	760	764	941	1026	937	1016	1017	1031	1032	1028	1027	1028	1027	1028	1020	893	893	
889	887	886	894	875	770	900	900	884	879	883	883	881	880	785	785	772	877	877	773	776	775	778	891	776	777	881	880	883	881	885	880	877	907	907	908	894	879	789	894	785	766	767	768	774	775	776	768	800	764	798	772	784	834	787	786	785	785	833	832	785	917	916	916	916	914	826	825	828	829	791	789	903	903	903	900	908	903	903	904	902	862	909	910	894	910	898	900	1029	1030	1030	1031	947	1028	945	1026	946	942	770	770	771	943	806	807	808	773	769	767	762	763	769	764	942	1027	938	936	1028	1027	1032	1032	1029	891	890	1028	1026	895	892	891	
902	903	902	893	874	893	901	899	880	880	882	882	884	881	882	786	878	877	876	878	880	777	893	893	892	777	778	883	882	886	885	878	877	878	907	878	880	768	884	905	895	768	767	766	762	793	767	768	765	767	771	771	812	811	812	787	784	786	786	787	829	786	782	915	915	915	915	827	829	827	829	790	904	902	864	901	909	907	902	905	877	873	863	908	911	764	903	901	1028	1029	947	1032	1029	948	1039	1037	1039	947	771	771	942	807	806	809	808	770	957	957	768	769	1017	765	1019	1018	1017	1019	1028	1015	1016	1031	1032	892	1034	892	891	895	894	896	
901	900	901	893	892	900	892	893	904	887	893	883	882	896	786	787	783	784	785	895	879	893	892	889	894	779	886	881	882	883	884	880	879	878	879	883	882	879	769	904	787	766	769	765	794	768	770	767	766	768	771	770	812	813	787	812	788	788	785	785	828	825	834	781	916	917	827	828	828	828	791	830	801	802	903	911	912	910	907	876	875	878	762	910	765	764	763	904	903	1029	1029	1031	946	1034	1036	1038	1038	944	946	947	941	808	806	766	957	952	958	769	766	767	770	770	770	1022	1019	1018	899	1016	1032	1018	1032	1033	893	892	890	893	896	895	
895	902	902	902	904	901	902	903	894	893	893	896	895	893	785	784	781	785	785	788	787	887	886	893	895	780	888	889	884	880	882	880	880	878	876	883	878	770	769	769	767	763	767	766	765	795	768	769	768	768	771	771	807	812	812	786	783	789	789	827	826	835	782	824	826	827	826	828	828	906	801	804	805	912	910	914	907	913	907	876	908	876	761	760	813	814	760	1033	905	904	948	947	1030	1033	1035	872	1029	945	947	942	948	942	809	807	808	956	956	955	942	767	941	945	769	1021	900	1020	1017	1020	1019	1019	1034	1035	1027	891	892	897	896	894	
896	899	901	902	903	906	902	890	889	894	895	896	891	892	785	785	782	881	785	786	890	887	888	892	886	887	888	883	881	885	879	881	881	881	882	883	882	772	771	768	770	770	762	776	768	767	768	767	766	767	770	769	772	812	811	784	784	785	790	791	829	829	826	825	828	827	825	827	829	905	906	902	803	802	913	911	912	908	908	907	877	876	877	758	812	760	759	763	905	1030	949	949	1035	1034	871	1034	946	946	947	949	943	949	950	956	956	809	961	943	943	942	942	944	770	770	901	803	1021	1018	1021	895	894	1034	1026	1027	894	893	894	895	
897	898	900	906	905	894	901	880	895	896	897	894	893	890	784	783	785	786	786	901	890	889	891	887	891	897	897	890	886	878	882	878	880	882	883	883	883	884	903	770	769	769	763	775	779	769	769	763	766	765	770	771	772	809	769	785	785	793	792	792	828	822	827	826	780	828	828	830	904	906	907	908	908	907	803	914	912	911	854	855	908	806	878	811	758	760	759	764	762	906	1031	1032	1036	1033	872	952	953	954	950	958	955	811	953	955	959	958	960	960	951	944	756	755	754	758	803	804	804	900	1022	903	1035	1035	1027	1028	897	896	894	893	
904	898	906	905	906	904	881	903	881	880	881	882	895	891	784	785	784	785	881	902	902	890	894	890	896	897	898	896	896	879	879	878	882	884	883	884	902	909	910	771	905	772	776	779	778	769	770	770	769	767	766	773	787	810	768	820	792	793	790	791	790	792	827	826	827	828	829	905	831	908	907	906	908	910	910	909	910	911	853	854	855	807	808	760	761	759	760	763	981	983	1032	1033	1035	1036	1036	951	954	951	955	954	957	955	955	952	785	961	962	961	786	787	756	755	805	758	757	770	770	771	904	767	1037	769	895	896	1029	1030	900	913	
899	907	906	907	907	905	882	882	878	889	881	891	893	787	785	785	913	914	786	891	902	901	889	893	894	897	896	899	880	880	879	889	879	880	885	911	910	911	772	913	773	906	911	779	768	779	768	770	770	770	790	789	772	767	774	819	820	816	817	791	791	792	794	821	778	780	778	832	999	903	1001	1002	906	907	909	910	859	854	858	854	808	810	809	809	760	759	760	983	982	980	986	980	1041	1037	952	1036	950	950	953	956	955	956	953	954	954	786	962	788	789	774	937	774	757	804	757	758	768	769	768	905	770	772	914	897	897	898	896	901	
900	901	886	885	904	908	883	887	888	889	891	890	892	892	786	897	787	897	889	890	892	893	891	895	894	895	896	896	898	887	889	893	888	900	886	885	884	911	912	913	914	914	780	912	913	767	919	770	769	770	772	790	771	789	773	817	816	817	818	817	795	792	820	779	780	816	781	779	1001	998	908	907	910	907	908	912	858	861	859	809	810	809	807	807	808	761	810	983	979	985	981	981	981	1040	1037	1038	1037	949	952	957	953	950	789	955	954	955	789	790	773	938	773	759	775	774	775	769	759	770	769	768	772	771	919	913	800	897	902	902	
910	907	902	885	884	909	884	887	887	889	777	776	882	893	787	785	786	785	891	891	894	893	890	890	900	898	897	897	899	889	895	894	896	899	886	910	910	908	880	907	913	914	915	781	775	888	771	771	769	770	773	772	772	773	772	817	818	818	819	819	830	794	819	775	826	781	780	818	1000	910	908	908	912	911	858	857	833	911	810	808	1001	810	809	810	809	809	989	811	986	986	985	982	982	984	1039	1038	949	951	951	952	952	951	788	786	956	956	956	957	785	803	939	760	761	776	776	806	796	813	769	768	772	770	914	799	898	903	899	903	
909	908	908	898	886	885	885	886	887	886	887	779	883	884	915	916	888	889	890	898	897	898	889	890	889	899	899	897	888	887	896	895	897	898	890	889	909	889	890	916	890	924	923	774	921	923	923	772	769	768	794	768	771	773	774	774	819	819	831	830	829	831	832	820	821	782	782	818	822	821	909	823	909	910	916	917	833	832	810	809	1001	810	810	809	808	810	775	988	984	985	984	983	976	1040	983	950	952	950	951	952	786	953	787	786	785	786	787	803	802	800	771	761	775	762	924	920	805	770	814	813	771	768	769	917	900	921	923	920	
910	910	909	909	888	887	887	884	889	887	889	884	882	882	912	914	912	914	901	902	899	896	897	893	898	897	898	889	888	889	895	895	899	899	891	910	888	910	916	915	916	889	924	894	895	922	888	893	794	769	770	795	769	775	773	774	820	775	831	830	830	834	833	822	822	783	817	783	821	820	822	911	911	781	1003	1002	832	834	811	812	809	771	942	770	771	770	769	772	985	985	983	978	977	1039	982	951	951	985	778	779	788	955	789	789	788	789	773	804	804	803	772	954	800	801	771	923	804	813	814	814	797	796	766	918	917	924	925	919	
911	898	888	889	890	886	888	889	888	888	900	901	882	881	913	914	918	915	894	900	896	897	893	892	907	897	890	890	892	892	894	895	899	900	898	900	886	917	890	917	919	918	930	930	893	888	894	889	892	894	766	766	776	776	774	832	774	833	826	833	832	831	833	822	823	822	825	824	821	822	823	912	916	919	782	1001	780	780	809	810	770	941	940	940	770	768	771	986	985	771	976	983	982	982	981	983	986	952	777	777	954	778	788	782	790	788	789	797	797	798	801	953	954	802	956	803	772	792	791	815	815	765	766	767	918	919	918	919	
902	887	888	888	878	887	892	878	889	884	889	902	882	883	882	901	888	900	899	900	903	903	896	897	892	892	898	901	893	891	890	901	902	897	895	897	898	921	891	889	921	920	889	929	930	894	895	882	883	893	767	767	777	777	777	831	775	833	830	825	834	827	832	834	821	820	825	825	826	823	916	915	913	917	1002	1003	784	781	781	782	999	998	941	941	769	769	770	771	770	776	772	983	983	984	984	860	953	953	778	955	777	779	1030	1030	783	797	796	796	799	799	800	954	808	954	955	956	957	792	792	767	764	766	918	768	919	920	922	919	
892	889	899	893	899	891	879	884	883	883	898	883	883	884	899	902	898	901	900	903	902	904	897	894	898	892	902	902	893	901	892	897	902	896	896	896	898	899	918	890	920	922	888	889	888	884	882	883	893	781	894	895	768	778	775	776	832	777	829	830	824	826	833	834	822	822	823	826	823	915	829	914	918	1007	1003	785	786	782	783	1001	1001	1000	942	1003	942	774	987	775	770	775	772	773	859	985	985	861	954	955	781	781	956	779	778	1029	1029	797	1033	800	800	953	955	807	956	957	955	957	958	793	764	795	766	765	767	769	922	921	915	920	
893	891	892	898	892	880	892	886	886	882	884	897	897	899	900	903	904	907	910	895	903	897	905	892	902	901	896	892	902	893	898	898	898	897	896	895	896	919	894	895	894	923	889	887	883	883	883	894	894	780	895	769	774	776	832	833	830	831	830	825	827	823	827	825	826	825	824	917	822	830	915	825	826	918	1006	1004	782	783	828	1002	1000	1000	1001	943	1007	775	773	775	774	771	774	982	981	858	860	982	772	783	782	780	780	957	1028	776	1030	802	801	1032	954	954	806	956	956	956	954	959	960	765	765	765	766	767	768	797	921	921	921	921	
902	901	903	893	894	893	884	885	883	884	885	899	898	907	908	905	908	908	896	909	910	896	914	893	894	897	895	893	893	892	893	894	897	898	894	916	897	895	923	895	924	897	888	889	884	884	885	884	886	895	769	770	771	776	833	834	829	831	832	831	827	828	828	828	824	825	825	826	824	823	824	825	917	827	1005	1006	784	784	1001	1003	830	1001	944	991	1003	1006	775	776	776	775	775	861	860	980	779	862	862	771	782	781	782	776	775	1029	1034	1029	1033	956	955	807	806	957	955	961	959	958	959	959	766	919	766	768	796	923	922	922	920	920	
890	902	882	881	895	895	895	887	886	895	895	894	909	908	910	907	910	911	911	894	913	912	913	892	898	895	895	897	893	894	783	894	898	895	915	913	896	770	771	894	898	892	890	899	900	899	884	883	885	778	883	768	769	772	834	794	795	780	834	833	820	826	827	777	826	824	827	826	825	824	826	825	829	828	828	1003	785	783	783	1000	1002	777	1004	1005	1004	1004	1005	775	774	776	776	774	861	778	777	774	774	861	782	1032	1032	781	780	1035	1030	1033	1031	785	784	807	806	807	956	958	960	893	894	958	960	767	768	765	797	798	922	918	919	920	
891	892	893	899	896	896	886	884	885	893	894	910	908	898	908	909	908	910	908	893	895	904	902	900	893	896	896	901	785	785	784	783	900	916	768	915	771	769	769	772	891	893	898	899	899	884	885	884	886	884	885	889	890	817	888	796	784	821	820	819	834	781	782	827	826	826	825	826	827	826	824	827	826	811	1004	829	1004	782	784	1003	1004	1004	776	777	777	838	776	1006	775	853	852	776	775	862	775	855	773	774	776	781	1031	1032	781	1031	1034	781	786	1032	784	783	784	808	957	961	894	892	893	919	918	918	918	916	764	920	925	926	917	921	
885	884	879	880	898	886	885	887	897	898	894	882	909	909	912	909	910	911	911	896	894	905	903	894	899	897	926	926	786	785	784	785	784	768	900	925	772	768	900	899	901	900	901	900	898	900	884	883	883	889	889	889	887	887	886	795	785	822	820	821	782	782	828	822	826	820	825	824	829	828	826	825	829	998	812	1005	999	785	783	1007	1004	835	780	775	837	860	852	778	854	853	853	853	776	778	778	778	774	777	778	781	780	781	777	1035	777	778	765	972	786	785	784	897	958	897	893	894	895	896	762	761	917	915	921	919	924	773	918	922	
886	886	881	881	897	897	886	886	887	879	879	881	893	893	892	911	909	912	898	892	891	906	908	904	900	901	925	775	787	788	787	786	783	785	924	773	926	901	901	896	895	900	900	901	897	899	885	887	886	884	888	890	894	887	821	822	823	823	797	801	799	783	823	824	819	819	826	830	823	822	826	827	825	826	831	782	782	786	787	1005	1006	1005	779	860	859	861	851	777	779	783	852	784	778	777	777	777	777	775	780	782	782	767	1036	1037	781	779	766	767	971	972	783	959	799	798	799	971	770	769	772	918	919	918	775	774	773	774	772	776	
885	887	887	898	889	896	888	887	894	888	880	905	892	891	891	892	893	894	893	894	893	907	905	906	899	899	924	924	776	786	765	782	786	900	768	774	775	907	908	898	897	893	901	901	899	898	896	888	889	888	890	890	894	893	823	792	824	800	797	822	800	801	794	797	825	818	825	818	822	823	823	822	824	825	1000	1001	783	1005	833	779	778	847	848	859	858	860	778	779	777	778	853	856	785	778	787	778	777	776	776	778	776	769	1038	1034	782	1032	975	970	974	972	975	960	896	895	897	972	970	969	919	768	766	923	924	774	775	774	775	775	
888	888	888	898	897	888	903	889	900	895	904	891	890	892	890	892	894	895	893	892	938	905	907	905	900	924	923	925	925	790	764	792	783	787	901	775	896	906	907	743	898	743	896	894	895	896	897	889	890	890	898	891	793	792	791	792	797	798	794	798	823	801	802	795	796	824	817	816	823	822	822	823	826	827	1002	1002	1004	834	831	834	779	780	865	860	862	859	864	780	785	787	779	855	785	786	781	778	778	779	784	784	766	774	770	1032	1033	1032	971	976	973	973	974	973	868	869	896	898	971	970	925	769	767	925	777	774	775	776	776	778	
889	889	945	898	902	899	900	901	902	889	905	894	895	890	891	891	904	906	895	894	938	914	912	926	927	928	924	926	926	789	764	791	792	902	902	926	905	907	744	742	742	743	893	894	897	895	896	898	890	889	890	897	899	900	792	793	798	796	799	824	825	796	797	823	822	825	825	747	753	752	828	827	828	832	795	763	835	832	1006	856	835	845	861	864	861	783	783	784	786	784	854	855	786	783	787	780	780	779	783	772	773	772	773	769	950	1034	1031	968	974	975	972	974	869	867	897	979	968	977	924	926	924	773	775	776	775	776	776	777	
941	942	944	945	945	901	901	902	901	903	895	894	895	891	900	901	905	893	896	913	912	915	915	915	927	946	925	926	946	945	790	765	768	793	794	906	746	745	743	741	744	743	746	896	897	898	897	896	890	891	897	898	899	895	793	793	792	791	825	794	792	790	793	794	796	823	757	764	751	762	763	829	830	829	760	760	795	1007	855	856	853	848	847	850	849	862	782	784	785	856	848	855	790	784	791	791	781	784	773	771	784	771	770	1034	1031	949	967	948	974	975	976	974	975	928	910	909	910	969	924	923	774	772	774	775	776	777	982	981	
945	940	941	891	945	944	902	903	904	902	891	895	896	901	902	906	894	906	912	914	911	911	912	914	945	947	919	917	905	904	907	767	903	907	904	928	927	747	742	743	742	746	744	745	895	895	899	894	895	895	896	897	898	752	751	790	794	818	817	802	791	792	795	794	797	757	758	756	763	761	762	827	830	831	830	759	1008	856	855	1010	852	852	852	850	849	856	783	786	855	854	857	787	788	790	790	791	792	782	772	772	772	776	777	777	1038	968	948	946	948	976	975	908	906	929	910	982	982	925	925	924	925	926	775	776	980	778	980	981	
944	941	941	942	945	946	906	946	947	904	892	890	907	902	905	908	907	913	912	907	906	910	915	913	918	928	920	918	905	908	905	768	769	905	929	927	948	743	744	743	745	748	895	894	897	896	768	767	893	895	894	897	899	752	791	792	758	818	803	803	801	819	801	793	758	792	756	757	759	761	828	829	832	829	832	831	1009	1013	1009	856	851	851	851	853	863	784	864	787	816	818	856	789	786	798	795	793	794	795	796	771	772	777	776	1039	1038	772	1039	947	948	949	909	907	973	907	928	981	983	982	926	774	773	927	928	927	928	981	981	981	
945	898	947	946	946	944	945	905	905	903	906	906	906	906	907	901	913	914	914	950	912	914	914	917	914	922	923	922	906	902	909	770	769	930	931	908	949	947	745	954	746	747	893	798	795	898	767	766	794	791	896	789	753	770	901	793	762	819	796	801	791	802	801	794	794	791	757	757	758	788	792	831	828	760	761	761	760	1011	1012	859	853	854	858	854	855	785	863	864	818	817	857	822	787	787	797	795	795	793	792	792	778	777	777	777	1035	1038	771	948	907	880	908	910	909	972	909	870	972	973	970	973	971	929	928	929	930	980	980	982	
899	900	897	947	945	904	909	906	904	904	905	903	905	955	907	903	902	953	955	949	916	915	913	917	923	915	924	923	949	904	905	904	905	906	907	950	948	945	947	747	953	748	750	797	796	797	794	793	794	899	790	897	792	791	792	760	762	760	761	790	790	791	792	761	792	795	823	788	787	786	832	791	829	827	827	759	1012	859	858	860	854	856	857	854	857	857	859	864	861	820	821	796	791	790	789	796	794	796	794	791	793	794	778	1036	1037	1040	1041	880	949	878	879	910	967	908	872	871	872	971	972	973	971	972	762	975	981	931	766	981	
948	947	900	900	946	908	902	902	903	907	907	904	954	955	904	914	913	954	954	950	952	909	909	912	924	916	915	948	949	906	903	755	903	901	904	905	897	898	748	952	953	751	792	749	749	769	798	795	794	795	898	793	792	791	793	761	761	763	791	791	808	808	760	761	804	805	796	822	824	787	788	789	827	826	827	827	826	759	859	860	858	857	858	758	858	858	862	854	822	821	797	795	796	790	790	782	797	780	783	794	774	774	764	1040	1039	976	978	877	879	877	879	974	907	966	872	976	977	975	973	972	973	977	978	980	978	984	767	980	
949	950	951	902	903	901	902	903	905	904	904	957	957	956	915	905	914	914	915	913	951	910	908	913	921	923	919	904	904	954	955	754	755	903	903	754	757	905	755	757	953	955	793	750	897	792	768	791	795	899	893	893	792	792	762	797	796	762	762	801	807	807	761	812	804	804	804	824	823	786	784	784	827	782	864	863	827	861	859	859	859	860	757	806	859	855	859	857	853	962	961	796	960	791	791	790	781	782	783	784	765	773	1041	1039	1040	866	867	979	878	879	878	906	975	924	925	968	977	973	976	977	978	974	978	979	982	982	983	982	
951	947	948	948	953	904	898	899	904	903	905	897	956	957	957	909	908	957	913	912	919	909	909	920	925	924	924	905	755	756	757	753	904	754	753	754	755	756	756	955	758	759	751	794	793	794	797	790	789	790	900	793	793	778	777	795	791	790	761	807	810	810	808	811	803	825	824	825	785	786	787	785	784	785	864	863	862	863	865	860	807	806	861	805	856	860	856	854	861	862	831	960	959	960	961	798	791	794	794	777	764	777	776	777	778	866	865	879	879	764	765	976	925	976	923	758	974	977	975	763	764	973	764	982	981	983	983	928	
950	950	947	901	900	953	954	907	907	906	899	898	896	911	908	909	910	914	958	918	917	918	910	911	910	925	925	925	754	755	754	753	752	755	758	755	757	796	797	759	758	759	798	798	795	796	895	790	793	797	794	795	794	776	895	799	791	798	791	800	808	809	812	804	804	804	805	826	786	788	787	786	783	784	788	865	864	864	864	861	786	808	806	807	858	855	855	853	862	861	830	819	960	960	791	963	962	777	776	763	778	778	961	776	777	778	871	762	763	766	767	768	977	924	921	760	759	760	764	764	765	972	974	765	983	982	935	982	
949	951	903	904	954	954	957	958	906	907	906	907	910	906	910	906	912	959	959	915	915	919	920	911	955	926	951	951	926	901	904	902	751	756	759	904	797	759	797	757	760	796	797	796	797	795	793	789	792	795	796	895	894	894	777	792	803	790	799	800	800	801	794	793	812	786	786	787	789	787	795	794	787	787	785	784	864	863	865	784	809	785	807	806	807	804	854	863	853	863	818	961	820	962	962	961	961	778	777	764	766	962	876	870	878	776	870	763	761	911	912	766	767	868	921	760	910	761	974	763	976	918	973	935	936	935	983	934	
950	957	958	904	956	956	957	956	957	899	898	911	910	909	910	905	911	906	915	915	914	915	955	921	928	927	950	927	951	905	903	903	911	758	759	909	759	760	758	797	797	795	795	794	796	794	796	794	793	796	895	895	895	801	800	800	802	799	802	801	802	790	789	795	788	785	784	785	786	787	793	793	786	785	784	863	787	788	864	866	784	810	811	805	806	805	855	854	855	815	817	818	961	798	962	960	962	767	766	778	767	967	963	877	869	872	869	762	912	912	765	766	869	869	921	909	762	975	975	975	762	917	918	978	935	936	935	932	
958	957	959	960	905	958	949	957	902	907	900	906	915	916	910	909	905	917	918	916	953	954	916	953	956	951	970	951	909	952	904	911	910	910	910	761	798	797	762	797	798	796	794	799	794	793	795	900	902	896	897	896	897	896	897	804	799	798	813	802	799	790	804	788	789	788	789	787	790	795	796	792	787	787	785	863	864	787	867	867	867	858	805	806	863	804	806	807	808	814	798	828	818	799	800	960	768	768	769	768	766	964	968	878	868	877	871	872	872	764	764	926	924	925	912	914	763	923	977	918	918	919	979	936	977	936	982	935	
959	959	960	956	949	956	950	958	953	958	906	907	916	911	907	908	913	911	913	908	906	906	954	953	954	955	969	909	908	906	960	905	904	909	909	909	762	761	796	795	797	798	799	793	798	796	790	901	901	902	900	896	895	806	897	803	804	812	811	775	775	792	793	775	788	790	788	791	789	791	794	793	864	863	788	865	866	865	862	862	859	854	859	862	808	807	810	809	813	1027	797	799	1029	819	961	768	767	766	769	768	875	875	875	879	878	876	877	873	769	871	872	926	925	911	914	913	923	976	977	919	919	918	974	973	935	981	935	936	
906	905	907	953	955	958	958	954	957	904	954	906	916	917	914	911	929	912	914	914	905	953	905	955	956	908	909	906	910	959	960	903	904	905	910	907	913	762	796	798	796	798	794	782	801	791	788	787	902	801	897	899	791	902	805	806	802	805	806	773	774	771	793	776	787	776	775	792	790	795	794	794	864	863	861	866	864	866	861	857	858	860	860	811	806	805	806	809	814	1026	785	1030	785	786	769	768	767	767	769	894	874	875	769	779	966	767	764	915	768	768	870	922	868	926	912	913	916	917	925	915	919	918	919	974	974	921	978	979	
952	953	905	906	957	955	957	957	905	905	953	955	961	978	977	915	913	928	929	906	929	904	905	957	956	1016	907	910	911	900	907	906	906	906	906	907	801	912	763	796	795	777	778	800	781	787	789	792	791	792	901	902	901	792	806	801	802	797	772	774	772	773	791	792	775	774	777	791	791	792	793	794	795	863	862	793	867	871	785	788	857	863	861	807	862	862	811	813	812	784	1029	786	785	831	787	786	768	786	787	895	893	875	768	780	912	915	914	763	767	767	923	924	928	869	915	916	916	915	916	920	919	919	917	918	975	920	977	977	
954	954	902	904	956	957	957	957	958	906	949	960	962	962	916	947	946	949	907	928	905	930	907	955	1017	1018	1019	911	902	901	952	951	950	950	908	801	802	800	904	798	778	778	778	800	801	788	788	785	793	797	901	904	903	904	790	793	796	796	804	806	807	774	775	775	777	776	775	776	791	790	789	792	863	864	792	863	868	870	787	788	869	862	862	808	861	863	864	818	863	784	790	786	788	786	787	832	831	788	788	788	892	775	776	913	916	913	916	921	920	924	928	927	924	925	916	917	916	917	916	917	925	920	925	918	929	928	978	978	
907	907	903	960	960	966	958	957	959	960	948	963	947	971	970	949	970	948	911	912	914	931	907	969	1017	1016	907	912	1018	951	953	953	951	965	800	801	799	800	801	797	797	798	789	801	782	781	787	794	783	767	796	904	793	794	795	792	795	806	805	808	807	794	774	781	780	777	777	792	789	791	790	872	874	872	1027	790	791	869	870	786	868	869	868	869	809	863	864	862	863	789	791	787	786	787	787	786	789	790	896	789	774	775	892	914	912	922	923	919	922	921	919	925	919	915	913	913	914	918	916	915	927	923	924	925	926	976	979	979	
908	908	957	959	968	967	968	960	916	959	952	945	947	948	905	969	948	949	914	913	906	905	906	968	968	907	906	903	1017	1011	951	950	950	803	802	981	800	800	801	772	789	785	802	802	780	783	783	784	768	768	793	797	798	798	795	796	807	796	806	808	793	795	780	782	779	781	777	784	784	784	787	788	873	870	786	782	779	786	872	786	870	869	870	869	864	862	865	863	863	790	818	821	788	789	793	792	792	789	896	895	893	796	915	913	914	922	921	920	922	914	922	918	915	914	912	915	912	919	919	916	925	928	904	912	927	973	980	977	
909	963	960	961	967	969	913	914	967	952	951	945	946	957	949	904	949	957	956	915	971	907	969	967	1019	1019	908	1015	1016	952	965	1018	1019	1018	802	980	801	801	802	790	791	786	782	781	774	791	789	793	791	792	796	792	796	797	796	795	796	801	799	782	783	780	779	780	780	798	778	793	783	783	785	788	789	872	785	783	780	785	871	787	865	866	867	870	863	865	863	864	864	819	819	817	820	792	791	794	791	787	790	896	893	892	795	793	913	912	796	923	918	917	919	913	915	916	913	913	916	913	908	909	924	925	909	907	907	928	981	976	
908	964	961	970	969	970	971	960	959	966	946	966	945	949	956	907	969	950	957	953	954	957	958	1019	1018	1017	909	1015	953	910	968	963	1019	1015	1019	801	800	787	789	789	790	773	774	781	783	790	788	895	792	892	792	797	792	797	798	797	796	800	801	783	784	770	781	781	799	802	794	794	792	784	782	786	783	873	785	784	784	785	865	865	864	868	870	863	870	869	1037	865	865	1034	1035	821	790	792	799	800	791	823	789	895	798	796	796	894	796	914	795	795	922	917	918	917	912	914	933	932	927	928	907	955	910	910	911	908	906	980	977	981	
909	962	967	968	971	970	964	965	960	966	947	946	949	948	906	957	955	966	956	957	955	959	956	961	1014	1019	1020	1016	911	967	964	969	1020	1020	1018	801	788	788	778	791	790	796	775	775	782	782	791	896	891	765	762	793	797	796	795	796	797	801	801	770	769	781	782	783	802	801	802	777	787	790	783	783	874	781	782	785	784	866	862	864	869	868	869	871	1033	1034	1035	866	866	867	822	883	789	791	801	789	790	822	790	822	892	797	797	795	797	915	798	923	918	917	918	918	918	931	933	931	932	933	954	954	911	907	909	908	974	974	973	980	
968	966	967	966	967	969	968	966	969	965	966	947	938	953	907	908	979	957	969	956	960	961	960	960	1017	1018	1014	1015	1016	971	970	974	975	1018	1019	802	1018	776	779	796	781	781	776	784	783	781	782	890	795	794	764	753	753	796	797	798	799	786	799	769	768	783	782	780	782	803	800	791	789	791	792	790	783	783	782	875	785	786	869	870	864	786	787	786	1035	785	1036	1037	1038	1037	1034	882	797	792	792	794	791	789	823	820	821	798	800	798	796	798	797	915	799	915	795	917	933	932	932	933	914	910	953	907	906	908	928	973	975	974	975	977	
967	967	967	970	973	973	973	973	969	970	966	941	941	952	951	957	958	978	954	968	955	956	954	1018	1019	965	1019	964	1016	971	1019	973	975	1020	1021	1019	797	1019	797	781	780	782	782	784	780	789	782	892	891	795	764	751	752	802	801	801	788	797	800	800	787	783	784	782	799	783	792	790	791	792	788	793	782	782	782	783	874	868	866	875	875	865	785	786	1039	784	784	1037	1036	1035	1039	865	864	820	793	789	790	790	822	819	803	801	799	940	801	917	914	942	794	795	916	918	919	934	934	911	909	913	914	954	910	909	910	971	983	976	975	976	
970	972	968	971	972	966	972	969	968	969	936	937	940	969	975	971	973	955	953	971	957	956	958	953	1019	967	963	973	965	971	971	1018	974	975	956	1020	783	783	782	781	784	783	783	803	802	902	903	783	899	765	799	803	803	803	799	798	799	796	801	788	786	783	785	791	797	798	795	791	788	798	800	787	785	782	781	784	867	866	865	874	875	866	784	787	1038	785	1035	1036	1039	1040	800	1040	821	821	821	823	819	819	820	821	802	803	932	933	939	802	942	941	941	796	941	944	943	801	955	911	910	909	911	911	953	957	956	984	980	982	976	926	
971	963	969	965	967	971	972	970	938	939	938	938	969	941	968	974	972	978	978	958	972	961	954	959	1020	967	966	964	972	970	972	975	1023	1024	783	783	782	783	785	785	801	785	802	899	808	805	806	807	898	800	798	804	802	803	801	799	797	798	787	784	785	785	790	792	797	796	787	796	785	797	802	801	783	786	784	784	788	786	777	878	787	785	785	788	1038	1036	1036	1036	1037	875	877	880	817	822	820	822	818	818	930	929	803	803	931	941	942	803	940	910	909	910	940	943	942	803	802	954	810	912	913	912	958	952	985	987	984	985	921	925	
964	972	973	970	970	969	971	939	939	939	940	941	942	970	971	975	980	979	980	973	973	974	958	959	968	1021	965	965	965	969	971	972	1025	1022	782	782	783	786	784	785	802	801	799	900	902	807	806	803	804	799	799	803	801	802	805	802	798	799	800	786	783	784	791	791	792	788	787	786	788	787	785	800	782	784	783	785	787	787	879	787	877	787	786	787	789	1036	1035	1036	802	876	878	881	881	818	820	821	819	931	799	930	930	930	932	942	886	887	941	940	910	911	944	943	804	803	955	910	809	913	953	953	953	955	953	954	985	986	925	924	
