930	931	931	932	933	935	951	952	951	945	944	945	946	930	929	928	927	926	927	928	924	936	924	935	940	939	936	937	931	931	930	935	936	935	963	963	976	977	967	968	969	968	967	966	965	966	926	927	929	950	949	952	951	952	953	924	925	921	923	923	924	926	924	925	925	924	921	922	925	925	929	930	927	928	934	935	934	935	936	935	936	935	938	936	870	869	870	871	872	873	863	864	843	842	838	839	837	839	838	841	843	844	845	838	839	839	838	833	840	839	837	845	844	843	805	804	806	806	801	802	820	806	813	821	820	821	820	821	
933	930	949	948	948	946	943	952	950	945	945	948	946	947	929	929	930	927	927	925	926	925	924	939	938	938	938	929	938	932	933	932	936	964	962	975	976	965	964	966	969	970	966	966	971	966	925	928	930	969	929	928	953	952	953	925	926	926	922	924	925	923	922	930	924	916	921	920	925	926	927	926	927	931	936	935	934	935	932	933	934	931	937	939	937	864	860	862	860	861	863	844	845	844	843	840	836	838	839	840	845	844	845	839	837	840	839	837	834	839	838	845	844	845	844	845	805	807	800	802	807	822	822	812	821	824	819	820	
932	932	949	948	947	948	942	938	940	946	949	949	952	953	943	942	943	927	947	929	928	924	924	939	930	931	931	939	969	970	932	931	972	971	963	973	976	964	964	970	968	967	967	970	970	926	974	973	929	940	930	930	929	951	952	924	922	927	923	927	928	926	924	923	929	931	921	926	923	924	925	926	934	931	933	934	933	933	934	938	938	932	862	938	862	867	861	859	867	862	862	863	846	844	838	839	844	844	841	841	842	843	846	838	832	835	840	833	835	836	840	848	846	845	807	844	806	801	803	809	808	823	821	810	826	825	823	820	
933	935	929	949	941	940	941	938	937	938	940	950	951	941	943	934	932	931	948	930	925	928	925	926	930	931	932	936	935	968	932	933	934	932	972	971	963	965	965	965	969	967	968	971	971	928	922	974	941	930	939	940	941	930	913	925	923	924	928	924	920	930	908	918	916	930	926	924	925	925	919	929	930	934	934	939	935	933	937	935	936	937	936	861	860	857	869	870	861	854	848	834	833	847	839	839	845	846	842	846	840	843	847	834	833	834	837	836	836	837	841	808	847	846	847	845	844	807	807	809	808	801	824	822	826	821	822	820	
934	937	933	943	942	952	942	951	938	939	954	952	952	952	944	933	934	943	944	929	949	934	928	931	931	929	932	933	967	960	971	935	936	934	973	975	975	964	964	967	967	970	968	972	970	973	921	923	923	942	940	941	916	942	914	925	924	924	923	939	931	909	919	920	917	917	918	927	925	928	928	928	934	936	935	935	938	937	938	937	935	937	935	859	860	852	860	871	861	853	847	834	850	846	848	840	841	846	845	847	841	844	844	837	833	836	835	836	836	837	837	807	806	805	806	822	807	807	808	807	821	825	803	805	826	827	820	819	
936	937	936	943	946	946	951	943	944	940	953	955	951	929	935	949	947	949	942	930	944	948	949	932	932	934	931	933	934	972	961	970	969	935	936	976	976	974	965	966	971	971	970	973	971	922	922	922	969	976	939	940	915	947	926	924	925	922	924	924	938	908	909	911	918	918	919	904	927	933	926	925	929	935	936	941	934	938	939	939	897	898	938	860	942	858	851	859	862	859	860	845	844	845	849	850	841	847	846	837	841	843	844	834	837	838	833	836	807	836	806	840	807	807	813	812	821	807	808	820	806	804	798	804	823	827	819	821	
935	935	938	953	955	945	950	951	943	944	954	949	946	952	930	946	948	948	943	943	946	946	944	950	929	952	933	932	961	962	968	962	968	936	975	976	977	976	977	967	965	965	967	969	970	923	924	923	938	939	938	941	940	916	946	924	923	925	936	939	940	911	912	913	912	913	920	905	903	934	914	936	940	937	938	941	941	943	938	896	898	898	867	859	943	865	859	859	858	858	860	860	843	850	848	849	836	839	838	838	842	813	836	835	835	836	810	808	835	837	808	841	840	812	811	814	813	819	819	821	805	805	805	824	824	823	821	820	
936	936	937	953	954	944	946	941	942	943	951	955	955	951	948	946	944	945	944	945	948	949	949	950	951	958	933	960	961	962	969	965	965	965	938	978	938	939	966	969	964	966	968	968	970	924	924	973	939	943	942	941	942	915	915	915	946	948	938	938	938	909	912	910	904	913	921	922	906	913	911	913	936	933	938	940	939	942	897	895	865	868	860	944	945	944	889	860	860	857	859	861	862	851	851	835	838	837	838	837	837	836	812	837	835	810	809	810	837	808	808	809	810	809	809	810	811	812	812	822	820	808	808	800	825	823	824	822	
939	938	939	940	939	939	942	942	948	957	956	954	958	957	950	950	945	945	925	924	950	948	944	950	967	927	958	962	958	962	961	966	967	968	964	939	939	939	970	967	970	967	971	938	975	976	925	974	940	941	976	977	978	916	918	919	921	920	919	939	939	939	911	911	927	905	904	908	908	912	914	912	913	934	937	914	943	913	900	899	867	861	864	861	946	947	861	866	867	861	860	860	862	845	852	851	836	846	839	839	836	842	812	811	836	810	811	812	838	812	839	808	811	810	812	810	813	798	813	821	807	807	807	808	823	823	824	825	
939	936	937	940	938	939	944	943	954	945	955	956	955	947	951	952	946	923	923	928	940	955	956	945	947	957	926	957	963	964	965	962	969	964	955	965	940	944	940	972	972	972	937	968	937	977	975	976	944	940	942	943	941	942	943	917	916	948	949	910	908	940	912	912	926	928	928	909	907	930	913	912	914	913	917	944	912	861	858	899	862	863	868	869	947	887	859	860	862	859	858	859	860	856	844	846	845	847	838	835	841	841	842	810	835	838	840	810	811	844	845	811	812	811	812	812	813	798	797	812	806	806	824	823	822	828	824	826	
935	936	938	938	939	940	941	942	941	944	951	952	955	940	939	941	950	942	924	927	945	954	944	946	928	948	949	927	964	973	968	964	963	955	954	955	956	942	943	941	971	938	934	936	938	972	938	938	932	933	945	946	943	942	944	919	918	917	918	950	907	910	907	911	927	902	906	907	910	910	911	915	913	914	914	916	862	913	859	857	900	821	889	888	886	888	886	860	859	860	858	854	855	845	847	841	846	829	840	839	840	842	845	843	836	836	839	813	842	840	845	812	812	812	811	812	799	803	799	800	821	807	823	822	824	823	827	825	
937	936	938	938	955	937	941	942	940	946	957	950	951	949	950	942	938	923	941	948	949	947	943	944	945	950	957	950	974	975	967	970	964	958	954	955	941	942	945	946	940	935	937	938	937	938	939	937	934	945	944	943	943	949	945	919	953	917	951	952	951	900	958	905	903	926	905	906	907	908	895	914	912	913	916	863	933	934	861	862	863	821	889	892	861	891	887	887	858	829	858	842	834	835	829	858	828	829	830	837	845	844	843	844	844	837	837	813	812	846	847	843	842	814	823	822	802	807	803	800	820	802	833	833	826	827	826	826	
937	934	937	956	939	938	952	942	949	944	948	951	959	951	950	941	942	943	942	944	945	946	945	956	957	958	957	956	957	972	976	968	965	965	957	958	943	942	943	944	945	942	973	942	936	937	936	938	931	932	945	944	948	946	943	945	952	953	953	954	899	900	956	957	904	906	927	905	906	912	910	894	895	913	916	938	939	940	935	897	898	890	893	892	891	890	890	907	906	859	855	857	858	834	857	829	839	842	841	831	848	844	843	811	814	838	838	843	842	813	843	842	808	826	823	824	825	808	801	801	801	834	834	832	828	821	808	827	
935	935	935	935	940	940	953	953	948	948	945	947	960	952	942	951	949	973	945	946	945	943	946	958	957	956	955	954	973	974	948	977	978	958	959	949	946	946	947	943	946	947	941	942	936	937	930	931	928	928	931	946	947	945	947	942	955	954	949	949	955	957	963	958	905	905	906	905	906	914	893	914	913	918	917	918	935	896	941	899	896	897	829	827	828	892	889	841	840	860	844	843	855	856	835	841	842	843	832	849	847	844	844	845	812	811	812	844	814	813	843	843	826	825	823	803	819	824	809	800	802	803	834	833	834	809	807	808	
936	936	934	941	940	939	936	948	949	951	949	947	948	956	958	948	952	946	972	946	976	945	959	941	957	955	954	954	975	953	953	958	959	946	945	960	948	944	945	944	943	944	946	941	959	938	929	929	932	927	929	951	952	948	946	943	944	953	948	959	958	956	960	961	962	963	906	907	908	907	913	914	915	919	918	935	936	897	895	895	832	830	828	829	828	893	892	892	891	843	844	842	856	858	842	843	843	845	842	837	838	839	812	846	813	813	814	813	811	814	815	801	826	827	824	822	818	823	810	833	801	832	833	834	827	837	805	809	
935	936	940	941	938	950	951	950	951	950	949	948	946	948	955	957	948	953	945	944	954	953	942	944	942	956	939	940	941	976	954	959	959	960	976	951	950	949	946	942	943	945	940	940	959	958	931	930	928	929	954	953	944	944	945	947	945	950	953	954	953	959	961	960	911	927	911	908	907	909	926	925	914	912	912	907	908	896	896	834	897	896	829	898	891	893	891	893	844	842	840	857	830	843	857	843	846	840	843	838	838	839	811	816	817	815	813	812	812	812	802	801	800	825	822	823	822	819	802	803	832	834	838	826	836	828	804	805	
935	934	935	935	943	938	936	952	948	949	948	947	947	947	949	947	948	951	945	946	943	943	945	943	943	938	940	937	949	951	977	973	975	977	977	948	952	947	948	949	944	946	941	959	958	958	931	931	930	931	954	945	945	948	946	948	949	951	958	952	959	955	953	908	907	912	926	899	900	908	926	899	915	913	913	915	908	835	830	833	832	898	857	897	898	896	841	844	842	843	839	858	828	844	858	845	839	841	840	844	847	845	844	815	816	818	841	813	811	840	803	801	801	801	802	821	843	842	802	801	804	833	835	837	804	836	836	803	
936	935	936	936	934	935	939	940	953	943	950	948	956	941	948	949	944	950	952	942	941	944	938	942	939	942	940	940	978	975	977	975	950	978	978	978	948	949	948	945	945	956	944	943	959	945	959	930	931	931	932	950	946	948	947	951	952	959	955	957	955	955	954	952	908	930	960	900	901	902	931	900	931	897	914	897	914	915	834	831	829	833	858	895	859	897	897	840	841	841	840	841	842	848	848	846	840	840	849	855	853	854	847	847	846	841	858	819	814	839	797	801	802	802	826	827	825	831	822	803	828	828	802	830	833	811	837	838	
937	937	937	938	954	938	939	940	954	942	952	951	940	942	946	949	950	947	948	949	942	945	980	939	943	943	941	941	941	977	974	975	951	975	978	979	979	949	988	946	947	958	957	966	946	959	958	931	931	966	949	950	950	951	957	948	959	960	958	954	958	958	959	953	954	930	929	953	910	909	910	911	909	915	896	896	911	912	833	835	834	835	831	860	862	833	864	865	842	842	841	840	837	836	837	847	847	849	858	854	855	856	846	847	847	857	856	818	840	840	839	802	800	801	802	825	824	826	830	829	827	830	829	830	832	810	807	806	
940	953	954	955	939	955	941	954	955	958	941	939	940	947	944	946	946	947	944	948	982	981	980	979	942	942	942	941	940	985	975	973	976	976	979	978	985	989	945	987	986	944	965	966	965	967	968	949	964	966	948	961	948	949	950	952	949	950	955	964	959	958	957	954	931	955	954	952	954	909	909	908	898	836	836	895	897	833	908	909	834	838	830	861	836	863	832	829	839	839	841	837	837	835	846	850	848	857	850	857	848	847	847	846	848	863	862	863	841	841	840	841	802	801	825	826	830	825	829	830	829	828	830	823	828	811	812	806	
939	937	955	953	954	939	942	942	953	939	959	938	938	940	942	949	948	943	949	945	981	939	979	943	940	941	940	985	942	985	974	977	974	979	982	982	981	946	938	988	985	986	986	964	966	967	967	950	949	965	949	949	945	949	950	951	952	964	963	966	953	957	961	958	953	952	951	951	910	908	908	917	916	896	835	834	835	907	910	912	911	829	837	860	833	834	970	833	970	840	836	842	830	838	847	848	857	856	832	826	848	847	848	861	862	863	861	864	864	867	842	866	803	824	829	829	826	826	830	831	831	829	831	832	810	808	807	807	
940	940	951	951	937	938	948	935	936	940	940	939	945	948	941	950	949	949	948	980	940	978	942	941	942	942	941	986	984	979	981	982	980	981	982	966	943	939	984	939	986	949	987	968	968	948	951	962	966	948	966	951	951	946	947	952	958	955	957	956	963	954	958	922	951	953	952	952	953	915	911	910	918	919	918	835	951	832	833	911	912	917	836	910	910	909	832	969	834	837	843	829	830	845	844	848	857	855	856	831	848	846	846	847	860	860	862	858	866	863	864	865	863	825	828	827	824	820	816	829	827	830	832	831	831	809	808	829	
954	954	955	950	937	936	940	937	941	941	941	923	949	944	947	944	945	947	937	936	979	943	983	984	937	940	940	941	987	980	978	979	980	950	965	940	942	941	942	983	978	977	969	967	966	947	949	962	963	949	950	950	949	959	958	957	961	956	957	955	966	965	923	956	957	950	953	909	914	915	909	914	916	918	917	835	834	950	834	834	831	832	914	909	914	833	971	838	969	970	970	849	828	828	827	843	826	827	829	832	848	846	863	862	863	861	862	861	860	865	862	866	867	826	828	825	829	830	819	820	821	808	832	831	830	827	832	830	
942	955	954	951	934	937	938	925	924	940	942	924	922	946	946	944	946	946	948	948	940	981	945	984	947	940	939	940	980	988	980	981	981	982	962	964	941	941	942	944	946	986	948	947	950	961	962	963	969	964	951	948	950	947	968	962	960	968	958	956	956	959	956	955	951	952	910	913	910	915	913	914	948	911	912	952	953	835	838	837	836	911	910	913	912	971	837	970	848	973	971	855	848	850	844	840	844	825	830	831	847	856	861	864	832	862	828	829	863	861	860	867	862	864	828	825	829	828	820	808	807	810	829	828	829	831	833	831	
954	953	952	953	936	936	939	920	923	925	924	925	919	947	944	945	945	949	947	948	939	981	980	946	981	979	983	979	982	981	981	980	977	980	961	961	965	941	978	969	945	987	949	949	960	960	961	961	964	968	949	973	969	968	967	961	962	970	969	957	959	957	958	957	956	954	911	912	917	908	912	915	915	912	953	951	954	839	955	835	836	918	919	913	913	972	838	847	849	967	972	856	971	972	841	843	841	831	858	859	832	866	867	862	831	831	829	830	830	834	835	829	863	863	865	830	821	819	819	807	806	815	807	810	827	811	829	830	
955	954	945	944	942	936	941	940	941	922	926	947	919	947	945	942	943	946	948	948	947	982	945	947	980	984	978	980	980	980	980	982	980	979	962	963	960	967	968	969	970	950	986	985	971	969	962	945	964	946	945	970	973	968	972	973	957	959	958	958	960	959	960	961	960	950	953	948	947	918	919	920	955	953	952	950	951	955	918	954	836	918	918	918	912	973	973	839	846	973	973	847	857	850	842	855	842	832	832	866	865	873	862	860	832	830	831	871	833	866	834	864	830	830	830	829	820	820	820	807	808	807	809	809	810	830	832	831	
938	939	946	941	943	941	940	941	940	941	935	926	946	920	919	941	942	943	949	946	947	944	944	946	965	985	966	983	979	980	981	982	980	979	976	966	989	987	959	957	960	951	984	970	971	944	946	963	946	948	971	946	969	971	972	958	974	955	959	953	957	951	960	961	949	960	961	949	946	948	916	956	950	951	953	949	953	952	955	953	954	912	919	913	976	974	915	840	846	849	846	974	851	843	851	977	833	865	866	867	872	866	870	861	863	864	832	868	867	834	835	833	831	829	827	831	832	819	819	809	810	811	822	835	835	834	835	806	
940	955	947	947	938	939	943	942	940	942	943	934	938	947	935	920	942	942	945	946	944	945	946	947	948	965	966	970	978	980	978	980	983	975	967	958	967	960	988	989	958	959	964	946	945	972	945	947	974	945	947	974	973	973	975	971	956	954	960	958	958	950	952	950	961	951	962	947	949	947	957	950	950	951	916	917	918	952	953	952	912	911	913	912	975	957	957	847	850	854	855	856	975	975	979	978	826	825	864	865	865	829	863	868	832	865	861	821	820	818	835	835	834	836	822	833	822	834	833	834	811	811	834	834	836	806	805	808	
942	941	942	940	938	940	956	942	943	941	942	942	939	940	941	943	941	949	950	944	945	946	944	949	950	966	1003	969	981	977	981	981	980	955	956	966	957	959	962	989	956	970	966	968	966	966	970	971	973	973	971	974	975	976	977	972	973	961	956	959	949	953	956	962	963	964	959	957	955	956	949	955	949	954	916	915	951	953	954	913	951	912	954	954	910	956	910	851	959	847	856	976	858	977	978	979	827	826	867	830	828	867	830	867	867	823	825	862	820	837	836	834	834	831	836	821	834	833	834	835	836	812	806	835	847	848	807	808	
943	940	941	955	939	954	955	954	942	943	942	936	940	941	944	942	944	943	947	945	947	946	945	1007	967	948	970	969	967	966	980	968	940	981	957	945	945	958	963	954	956	968	969	965	967	967	974	974	973	974	975	972	970	977	976	978	978	961	949	957	954	957	961	959	965	966	962	954	956	954	948	950	954	955	916	952	954	952	953	957	949	950	914	953	961	956	852	958	853	848	849	977	853	975	974	977	978	866	865	829	826	865	866	868	868	824	824	821	837	821	835	833	832	837	836	820	822	820	833	831	837	807	845	845	846	847	807	809	
944	939	940	953	952	953	953	941	945	943	944	943	989	923	943	943	943	944	944	948	951	950	947	946	944	946	970	972	968	967	970	969	959	945	958	944	959	957	955	959	957	960	967	956	966	958	973	974	973	974	976	976	868	951	976	977	979	950	960	964	963	960	965	958	954	961	967	954	953	949	957	957	957	956	941	915	953	958	958	959	951	951	951	947	954	960	957	958	853	852	848	854	851	852	962	961	978	866	867	865	866	870	871	871	872	873	816	817	834	836	836	836	821	833	834	821	836	837	832	838	839	823	844	847	847	843	808	846	
938	945	953	939	944	943	944	956	946	943	991	991	988	922	947	946	944	943	947	952	951	952	946	948	946	1007	1008	969	973	969	970	958	959	960	955	956	956	946	952	958	959	969	955	957	967	958	967	970	971	970	977	867	868	977	975	961	972	961	959	961	962	964	965	958	962	953	962	956	954	958	948	956	956	957	958	942	959	957	957	958	958	950	952	960	948	961	848	848	959	847	855	854	854	855	961	829	962	830	866	866	867	871	870	823	822	823	815	816	817	833	837	820	820	834	834	835	836	834	838	825	824	845	845	843	848	848	844	809	
933	949	942	943	944	943	953	957	955	924	990	990	923	948	947	945	944	943	944	946	953	921	922	945	946	975	974	975	978	960	970	958	959	955	954	956	952	953	953	958	969	968	967	940	958	968	968	971	972	971	866	952	972	973	974	962	960	963	960	963	966	965	963	966	957	958	957	958	949	957	953	949	961	957	943	953	958	946	957	956	957	951	959	949	968	958	962	847	848	849	848	826	853	855	963	830	963	832	831	871	870	868	868	871	874	813	814	813	817	817	838	819	819	835	835	836	836	835	827	826	826	840	850	849	843	847	845	836	
937	950	944	945	941	954	954	954	922	985	985	986	987	924	989	991	991	946	922	982	983	943	928	946	975	975	974	979	976	977	959	980	961	948	947	955	954	953	945	957	957	969	867	868	939	959	972	973	972	973	867	973	974	975	956	955	961	961	962	965	964	965	957	961	958	959	959	959	958	955	956	957	962	958	958	953	945	961	959	957	958	956	960	967	950	954	959	961	961	968	849	825	827	825	970	962	961	832	872	873	869	871	869	870	875	875	815	818	818	815	816	817	815	836	830	828	829	828	836	835	841	841	840	850	844	845	846	837	
951	936	942	940	940	945	954	945	986	984	985	989	988	952	988	990	920	921	983	982	941	927	928	975	974	975	976	980	968	969	981	976	959	960	964	963	950	954	956	955	867	867	866	948	960	961	947	973	974	955	962	963	964	965	958	949	949	950	965	966	969	969	962	963	962	953	960	963	959	956	956	960	960	963	952	952	953	946	960	958	959	959	961	962	963	964	955	960	852	960	855	826	828	971	963	967	962	873	830	868	797	798	871	802	814	873	874	873	816	814	830	830	816	816	828	827	818	835	833	836	837	843	843	839	842	847	845	845	
936	936	939	939	939	939	955	956	987	946	992	991	993	950	925	991	921	920	984	982	981	982	982	943	973	972	944	972	973	970	974	975	960	976	977	980	980	951	965	967	959	866	870	938	937	938	946	975	975	961	954	965	966	959	955	948	950	951	958	968	968	970	964	957	958	959	954	955	956	953	958	957	959	952	951	947	946	962	963	964	959	966	957	963	967	958	969	851	961	854	856	827	826	969	967	966	832	833	829	831	960	871	871	873	803	817	816	815	814	815	811	829	827	824	829	833	834	832	832	832	836	839	840	844	845	848	846	846	
935	935	954	940	940	960	960	957	957	946	945	992	949	952	951	992	921	947	984	983	983	982	981	974	944	943	971	970	977	1015	1013	973	972	973	979	979	983	945	966	966	870	869	868	941	946	946	976	965	964	960	963	965	966	964	959	960	949	949	971	967	962	965	965	959	960	959	955	960	961	961	960	961	960	953	962	964	963	964	962	963	965	962	956	966	965	968	965	852	852	867	963	966	970	968	968	964	834	831	830	831	831	872	872	874	815	874	875	828	810	829	832	821	824	823	832	835	831	833	831	835	838	845	840	831	833	844	847	848	
936	936	936	955	941	959	961	958	944	948	949	977	953	979	926	922	946	947	987	984	984	924	982	927	975	1010	971	972	971	1014	1015	1016	973	951	982	980	943	943	967	948	871	869	940	963	940	945	947	965	960	961	964	964	967	969	958	950	973	970	966	968	968	963	982	960	961	960	980	960	961	960	962	957	958	961	961	960	964	964	963	963	964	967	968	967	964	966	967	966	867	853	866	964	965	969	965	967	966	830	831	831	832	963	816	817	820	814	827	814	814	814	822	831	825	825	819	831	834	832	834	818	836	834	832	832	831	845	835	832	
933	933	937	942	963	958	944	957	956	945	978	962	964	954	965	925	925	980	985	986	986	927	926	1011	976	972	953	954	953	972	950	975	950	950	975	981	942	981	947	871	960	961	962	941	940	946	946	961	966	963	960	965	970	969	968	972	973	968	966	969	964	969	965	981	983	983	981	973	970	959	958	957	958	961	962	962	959	963	964	964	963	964	967	965	968	967	967	960	867	867	854	871	871	970	965	967	965	961	962	960	961	964	962	817	821	819	815	825	813	814	816	821	822	826	822	823	832	819	833	817	819	802	835	831	833	835	833	834	
934	934	937	960	959	959	977	958	940	957	963	961	963	964	980	924	979	981	985	985	986	986	925	924	973	963	953	951	1019	1015	973	949	953	951	949	976	982	943	961	872	959	959	953	948	942	943	955	955	957	967	961	963	966	969	973	974	968	969	968	956	968	968	966	964	980	982	982	972	954	953	954	958	962	973	974	963	964	962	963	964	963	967	968	966	964	959	961	961	866	864	869	855	869	966	968	834	835	964	964	960	962	963	818	963	822	826	828	824	825	815	829	802	802	829	827	819	818	822	818	818	802	801	832	834	833	832	836	837	
938	935	936	960	959	964	959	976	977	941	983	984	962	965	925	980	978	984	980	989	988	987	988	985	986	989	962	952	953	1020	963	976	950	952	952	981	944	962	945	947	875	951	954	952	953	954	955	954	956	949	950	971	970	862	953	971	972	972	957	955	956	969	964	963	968	969	970	985	965	954	969	963	959	960	972	963	964	964	965	962	965	957	965	969	967	960	960	960	867	868	870	871	967	868	836	835	965	966	978	965	964	831	962	829	829	828	825	832	829	828	800	802	826	829	828	801	823	821	802	801	801	799	802	832	832	833	837	802	
939	940	937	937	937	938	937	940	989	988	980	963	983	984	944	980	979	984	954	987	989	986	987	986	989	988	1012	1013	1014	1015	962	951	952	951	952	951	951	945	951	949	948	874	950	951	956	956	944	956	948	857	972	960	947	971	972	972	970	971	965	971	970	957	965	954	964	971	984	982	983	970	987	988	963	962	972	962	961	965	961	967	961	959	958	972	962	968	973	968	869	868	872	869	869	870	869	966	900	984	981	980	980	963	830	831	970	834	833	833	831	799	803	827	831	806	803	802	803	821	812	800	801	800	803	834	832	833	843	801	
941	942	937	936	939	977	976	939	982	981	964	981	943	982	943	982	983	982	985	986	987	986	987	988	1019	989	990	1015	1014	1015	952	1028	950	952	954	948	953	952	954	948	875	953	951	952	956	955	945	949	957	947	959	960	948	950	968	959	971	964	859	858	958	956	982	946	946	978	978	979	970	971	967	989	975	973	973	971	960	961	966	960	961	969	968	963	970	970	969	969	970	867	867	868	971	838	839	898	983	982	982	983	979	965	968	967	970	969	830	828	831	803	800	804	807	807	803	804	803	822	801	813	801	801	804	806	835	833	842	802	
983	981	938	978	978	980	977	990	989	988	988	985	943	942	944	944	981	983	987	984	995	995	996	1018	990	991	1016	1015	1023	954	955	1027	953	953	952	951	951	953	949	955	957	952	948	948	952	954	953	956	957	957	954	953	947	951	967	958	965	861	860	861	859	957	957	983	945	947	979	986	969	968	966	968	968	974	974	961	964	966	964	961	963	962	968	960	970	969	971	920	921	869	868	869	973	840	897	897	895	893	894	895	905	906	902	903	968	969	967	832	831	830	802	808	804	797	801	801	803	804	805	806	812	799	800	804	804	861	803	843	
982	982	979	981	980	983	981	977	981	989	987	988	987	982	943	982	945	972	981	985	996	994	1017	1016	1019	992	950	951	1015	1015	1014	953	952	953	954	952	952	950	956	958	956	958	948	952	976	977	953	957	953	952	954	953	955	956	840	841	959	975	958	960	958	983	982	957	944	942	985	987	982	982	982	967	956	956	964	963	963	965	966	964	965	963	961	969	970	970	970	919	919	971	870	972	841	972	971	896	895	894	893	892	980	982	844	845	846	828	829	968	829	803	831	801	796	799	799	804	802	803	804	813	837	802	801	803	804	860	802	800	
983	981	983	980	982	984	979	986	981	988	942	942	942	983	984	944	980	946	986	986	981	1018	1017	963	981	982	949	1016	1014	1015	956	954	955	956	955	953	954	955	955	956	955	954	953	977	975	973	956	953	962	963	951	955	954	841	839	960	956	969	974	957	958	983	983	958	966	966	943	986	982	981	982	973	958	958	964	957	959	959	967	963	963	975	963	968	969	971	965	918	920	972	973	973	978	899	978	979	894	894	895	980	981	982	845	906	846	845	831	830	969	833	834	800	798	797	798	803	804	802	805	814	803	802	801	805	805	803	812	801	
933	935	935	982	985	959	985	983	960	959	989	941	990	981	985	984	982	981	981	980	983	980	979	962	981	1020	950	951	952	1018	955	956	959	956	954	957	955	955	956	957	957	949	947	974	974	975	976	955	963	962	964	840	843	840	842	972	970	971	974	958	957	963	958	959	964	944	945	983	988	981	972	959	959	957	961	961	960	958	972	971	974	964	962	964	968	972	919	977	919	973	973	977	980	978	900	899	971	970	896	982	981	901	846	847	846	846	831	850	832	832	916	834	803	802	813	815	858	804	801	858	803	802	803	805	806	807	811	811	
934	934	935	982	961	962	984	984	960	961	964	990	940	980	982	948	982	981	982	982	981	981	960	963	953	952	952	953	1014	953	954	957	958	959	957	955	956	956	957	957	958	948	973	972	973	975	962	846	958	962	843	842	841	845	955	971	969	975	974	959	962	957	962	964	963	945	945	978	982	989	980	960	970	969	974	975	961	973	963	964	972	973	977	964	972	968	973	975	976	978	974	977	978	979	969	976	969	897	982	981	900	901	848	845	845	848	849	846	847	917	833	919	918	919	814	815	861	857	801	806	814	803	804	807	807	812	813	812	
939	935	936	983	935	963	963	985	961	986	963	965	943	941	981	947	992	980	1019	994	995	980	981	984	959	960	1017	1015	1017	1016	850	959	952	956	960	957	957	957	959	959	966	958	960	974	975	974	845	959	957	957	963	843	844	842	970	957	956	968	976	976	961	960	958	965	963	962	957	984	977	978	961	981	974	973	968	969	970	971	964	962	974	977	976	968	973	975	976	976	977	978	1113	980	981	970	971	972	898	974	844	977	901	857	856	854	845	915	847	845	919	848	916	916	920	922	805	809	862	812	802	805	859	813	814	866	843	844	837	847	
936	938	937	936	970	969	972	964	967	964	947	992	945	992	944	951	948	980	983	1018	1019	984	983	985	1019	961	1020	1020	1017	1017	849	957	951	961	956	965	958	958	960	966	965	967	973	974	975	978	844	846	841	840	966	965	968	976	971	972	972	969	971	970	961	959	966	967	984	958	977	985	979	978	962	962	961	962	971	982	970	966	964	965	978	976	965	967	974	977	976	978	979	977	899	899	979	979	971	864	973	843	844	845	857	856	855	855	846	848	846	921	920	920	917	852	921	921	807	808	861	813	803	858	858	815	864	865	815	844	847	848	
941	938	937	938	937	942	971	966	968	968	948	946	946	947	950	943	953	982	981	1017	1019	1020	984	985	1020	1016	1019	1021	961	972	954	958	956	957	964	960	966	965	965	966	964	974	975	972	973	979	978	979	844	968	969	966	967	977	979	973	970	971	957	976	976	977	966	966	963	985	976	977	979	963	959	963	961	971	970	965	964	965	965	976	976	979	968	981	979	978	975	977	896	899	900	898	861	981	980	974	844	976	975	851	858	851	851	854	847	924	851	850	921	921	916	851	924	922	926	862	863	804	860	858	857	859	815	814	816	835	845	848	
952	942	938	939	941	972	971	941	967	947	961	949	946	947	951	952	953	954	1018	1017	1016	985	1001	1016	960	961	959	962	962	962	956	955	959	952	953	965	966	966	965	966	966	965	953	974	973	978	979	973	969	845	969	968	967	976	977	978	979	955	956	958	977	977	958	964	959	977	983	978	977	978	968	964	970	972	965	971	967	965	966	967	975	978	979	978	982	978	976	974	898	902	902	865	862	862	863	864	865	976	977	850	846	857	850	921	925	923	924	852	853	918	917	923	923	925	809	817	805	817	810	808	809	816	817	836	815	816	836	837	
943	953	950	940	941	942	938	972	940	962	965	962	946	948	948	953	953	1016	1017	1018	1018	947	1002	960	960	959	962	961	963	963	964	957	960	957	953	967	966	967	966	966	965	954	966	974	974	978	971	970	973	974	975	977	976	980	979	974	983	980	955	955	956	958	957	982	982	981	976	982	969	979	965	969	964	964	971	966	971	985	967	966	966	979	976	978	983	1115	1115	977	975	901	864	862	863	862	981	980	981	980	982	850	856	851	855	926	926	856	924	855	851	917	853	854	926	924	924	810	816	860	809	811	808	809	818	837	835	857	838	837	
951	951	951	942	941	953	967	936	966	964	943	942	947	948	949	954	1015	1013	1016	1017	988	946	1018	961	959	960	961	970	969	970	956	957	956	962	961	968	967	962	966	959	957	965	965	975	989	979	966	973	988	969	971	985	975	978	981	975	981	984	953	952	951	957	958	981	983	980	980	983	981	983	970	955	970	967	966	972	969	970	986	987	978	977	978	969	1116	1114	1114	1112	1117	1117	863	862	861	862	863	978	978	981	983	853	854	855	854	853	857	856	855	854	852	856	857	855	1132	927	811	815	861	810	861	809	809	807	839	864	836	856	839	840	
950	951	947	946	942	968	970	937	946	965	965	943	949	948	949	1011	1012	1017	1015	947	948	947	946	1019	962	1017	961	962	968	968	975	958	957	957	962	979	967	967	960	958	990	991	992	962	963	988	974	988	987	972	970	984	983	981	981	981	987	988	952	953	977	985	986	985	981	958	981	979	982	966	984	956	961	966	971	975	972	975	971	853	854	965	966	967	975	1121	1113	1118	1120	1116	863	864	851	851	863	860	982	855	859	852	850	856	852	855	858	856	853	846	855	856	853	924	924	1134	1135	814	862	819	860	862	808	859	863	862	865	857	861	860	
952	953	945	953	947	949	952	969	946	945	966	942	949	989	1011	1010	1011	1016	1016	948	948	949	958	961	958	963	962	969	938	950	976	977	976	958	982	978	963	966	960	965	991	992	992	993	966	987	989	987	984	988	973	989	980	981	982	983	986	953	976	953	952	954	984	981	986	958	959	983	957	965	957	960	961	972	972	974	974	853	852	855	854	967	968	967	1119	1120	1121	1122	1120	1119	1128	861	852	861	851	866	983	860	856	858	858	909	852	854	855	846	845	847	856	856	854	919	923	1135	1133	819	820	860	863	859	852	851	863	808	809	859	857	858	
950	948	949	952	948	947	953	945	947	947	1003	1002	950	988	996	996	1016	1012	1014	1013	1014	959	964	957	962	963	938	937	939	951	950	950	964	966	977	981	964	964	992	961	964	962	988	982	988	987	986	983	984	972	988	987	986	981	947	984	951	970	951	971	955	953	954	983	978	960	961	965	958	958	966	967	972	962	971	970	973	852	851	853	855	854	968	1118	851	850	1120	1117	1123	1118	1128	1129	1129	851	852	855	984	855	857	854	859	859	860	855	847	856	855	857	848	849	921	924	1136	923	1134	870	861	857	859	871	860	861	862	861	862	858	860	859	
949	943	947	949	953	946	954	954	944	948	1003	951	1002	1003	995	997	1015	1016	1015	1014	934	965	958	963	968	969	938	975	940	941	942	962	963	967	981	857	968	967	992	991	992	993	985	987	988	988	984	985	984	989	950	987	986	947	946	952	945	950	970	969	959	959	976	977	978	979	966	959	978	968	968	967	988	988	973	972	849	850	853	852	853	1118	855	851	849	850	1119	1120	1118	1129	853	1134	1128	1129	853	852	854	855	855	858	856	909	854	853	850	855	856	849	860	825	921	923	924	821	924	871	869	862	858	870	861	863	862	862	859	863	862	858	
944	944	945	932	952	934	947	943	947	945	1002	1004	1000	1003	993	994	970	969	968	948	934	947	964	966	947	967	941	976	976	940	966	966	983	980	981	980	974	974	968	969	972	971	972	986	985	968	967	966	967	985	947	949	988	947	947	946	947	948	960	958	971	970	971	972	973	962	967	977	985	986	987	987	974	987	974	973	977	851	853	1122	974	1118	1119	854	856	857	855	1119	853	852	854	1133	1130	864	1096	853	856	1125	1124	861	861	858	852	855	859	860	854	850	824	859	922	823	924	925	1131	870	822	858	858	858	858	862	863	858	862	861	861	859	
945	944	942	955	947	935	948	942	948	1003	1003	1002	1001	1004	955	955	956	969	947	948	948	948	948	965	962	964	966	966	943	948	967	984	981	982	981	975	857	973	972	971	970	989	980	984	976	975	969	973	986	990	948	946	990	988	947	946	945	947	959	971	969	971	973	972	981	980	981	984	987	986	987	986	862	861	861	973	978	854	855	852	1121	1122	856	855	856	854	852	852	853	852	1132	1125	1132	865	1097	1099	868	1124	862	863	864	849	851	852	860	855	848	929	823	860	822	925	925	1131	871	1133	821	1135	859	859	861	863	863	864	859	859	862	860	
942	950	955	954	936	935	951	949	950	1004	1004	1005	1003	1005	954	949	947	945	947	947	947	959	958	959	966	963	943	965	947	946	947	967	987	986	985	976	974	973	863	864	867	866	985	981	976	991	976	972	990	831	830	947	947	990	991	946	972	948	980	970	958	959	971	965	964	985	966	965	963	964	985	988	863	863	862	972	972	972	973	851	1123	855	856	856	857	855	856	853	1137	1131	1132	1131	1124	1131	1132	1097	1100	867	863	864	846	852	848	852	861	859	860	928	824	824	823	822	1133	1134	1134	947	1134	868	870	858	862	862	864	1074	861	863	865	866	
943	949	943	948	947	948	936	952	1005	942	1006	1004	953	953	967	955	948	952	1002	1003	946	960	961	960	945	946	970	969	971	970	948	946	945	986	986	977	986	974	986	864	863	866	993	992	992	995	973	973	971	989	974	974	948	948	991	947	837	973	978	979	980	981	972	969	970	988	984	966	964	984	986	965	966	863	976	973	976	974	856	852	861	1121	1121	857	1134	1133	859	855	856	1137	1132	1133	1129	1133	1134	855	1096	851	866	849	846	1103	851	853	860	860	861	927	825	825	930	1134	1135	1134	870	950	946	867	868	863	864	862	1073	861	1075	1066	864	866	
952	964	964	944	946	954	947	953	942	968	1005	961	952	952	951	948	947	951	949	947	948	947	962	961	943	971	970	972	968	969	971	948	947	987	987	978	986	985	863	867	864	865	992	991	995	994	974	972	972	975	973	975	950	840	836	836	974	980	979	967	980	973	968	982	989	988	964	963	859	860	860	987	966	967	861	975	974	975	856	857	858	860	1124	1122	1123	860	856	1137	1136	1137	1138	1128	1134	1133	1099	1129	1099	851	850	1138	847	847	854	852	933	854	855	943	935	826	931	1136	1135	822	873	869	949	872	951	950	860	861	862	1076	1065	865	1073	863	
952	951	963	964	948	944	948	949	967	966	958	966	961	953	950	950	951	950	1000	948	948	962	961	944	972	972	966	968	970	971	986	986	988	945	946	987	872	990	864	861	868	863	864	865	993	979	831	973	973	974	976	976	841	839	838	837	838	841	841	841	965	981	981	981	981	988	985	964	965	861	862	967	855	968	860	861	976	857	859	857	859	1123	861	1123	1124	1127	861	862	1136	1139	1129	946	856	1100	1134	1100	862	1098	1137	848	865	1102	1101	1100	853	936	935	934	827	932	827	939	942	872	823	872	870	953	871	950	951	1074	1073	1074	1075	1074	1074	1074	
952	952	953	949	961	966	967	944	968	955	965	965	961	961	962	949	948	949	950	971	846	850	848	849	959	852	853	968	967	971	972	987	988	989	947	871	987	989	862	863	869	996	997	865	982	983	977	974	974	975	830	829	838	836	874	839	837	842	840	966	969	966	966	967	964	991	986	962	964	861	989	863	857	969	970	862	977	975	859	858	858	862	1132	1124	1127	1126	862	863	950	1131	947	1129	945	944	1135	861	860	855	935	936	866	1102	1101	1137	1103	1111	935	1104	935	828	957	958	942	1030	873	871	952	871	1029	1027	1075	1075	1073	1074	1072	1076	1075	1076	
953	954	954	958	959	960	945	945	945	966	966	962	966	931	965	968	950	950	946	972	851	845	849	947	850	853	844	968	969	848	973	988	853	987	988	990	870	863	885	873	995	870	997	983	977	994	978	975	975	997	830	830	971	970	837	838	841	844	843	841	968	965	968	932	931	931	990	963	964	988	934	861	862	970	860	971	860	863	859	863	859	861	978	1133	862	864	1127	1126	1130	948	1129	948	1130	945	1100	859	945	853	854	936	1094	937	1100	1136	1138	1110	1103	1104	937	936	829	958	942	1033	1031	874	1028	1030	952	1032	875	1074	1073	1075	1077	1075	1075	1076	
954	958	950	950	959	960	961	946	969	946	965	963	932	966	967	963	976	945	946	854	973	851	850	948	850	843	852	853	969	847	848	853	852	944	988	989	990	864	875	872	873	871	995	996	977	976	977	957	960	831	998	831	973	970	972	839	842	840	840	969	987	875	876	879	932	930	932	989	989	987	932	931	860	861	857	859	861	861	862	863	862	977	954	864	863	1126	1125	1126	953	952	955	1101	1131	1101	1101	1103	1102	935	855	1095	938	938	1099	1139	1137	1102	1110	1111	938	955	944	943	944	1032	1034	1035	1027	1029	1031	1076	1028	1074	1074	1075	1075	1074	1075	1077	
959	958	951	968	969	961	957	957	970	974	956	975	965	967	980	977	977	947	853	978	979	848	949	852	849	850	854	853	851	946	961	946	946	946	853	991	886	887	873	889	885	978	979	997	973	885	979	956	961	961	973	971	972	971	972	969	838	837	842	986	843	876	878	880	931	933	931	932	986	929	930	932	859	862	858	859	930	862	863	863	863	978	861	864	865	1129	1126	1127	951	956	954	1100	1132	1104	1105	1106	936	1100	1100	1101	937	1100	1099	1102	1101	1111	1112	955	954	955	943	941	942	943	1033	1028	1028	1029	1028	1027	1075	1071	1075	1076	1077	1078	1075	1074	
961	960	957	968	967	968	972	956	973	975	973	966	976	978	981	976	975	854	977	853	851	944	945	850	855	854	851	850	852	947	961	945	947	947	852	849	888	890	888	886	885	975	974	972	971	973	947	882	881	956	972	969	968	973	968	840	839	843	843	842	987	967	966	879	932	965	972	985	929	928	930	937	936	857	857	858	931	863	864	856	952	979	865	854	865	1128	952	951	951	1111	955	1101	1133	1106	1105	1105	1101	1098	1102	1097	1102	1100	1100	1102	1104	1102	1111	938	956	956	944	944	942	948	1032	1031	1029	1030	1028	1031	1081	1076	1075	1078	1075	1089	1073	1075	
958	961	969	968	969	974	973	972	973	972	970	966	975	955	954	953	954	953	952	953	945	946	851	856	927	853	851	852	961	947	946	974	974	853	853	854	889	853	889	861	895	889	888	975	978	946	887	880	945	958	975	973	972	969	970	841	840	841	988	987	969	968	966	836	837	971	937	936	938	932	933	931	935	831	858	938	966	860	859	860	861	860	855	860	861	953	951	1113	955	954	952	953	1102	1105	1106	1104	1098	1097	1096	937	1101	1102	1108	1107	1103	1105	957	957	958	956	957	958	888	889	886	825	1030	1029	889	1027	1080	1032	1030	1076	1089	1088	1072	1074	
961	959	955	970	968	974	974	974	973	974	971	969	971	978	954	955	957	955	955	956	963	962	930	929	854	927	963	962	961	966	947	861	973	861	976	851	854	890	852	861	860	861	975	974	973	977	949	944	943	982	974	971	971	1010	971	1009	842	987	842	843	986	967	837	967	837	970	972	937	933	991	935	934	830	937	963	965	939	857	967	953	862	861	860	861	860	954	952	952	1112	953	955	954	955	956	1102	1106	1105	1105	938	939	1108	1108	1105	1107	1107	934	957	1111	958	962	958	959	887	887	885	826	1033	1031	888	1081	1084	1085	1077	1078	1077	1078	837	837	
960	962	960	972	971	972	975	973	975	975	970	970	977	955	977	978	956	958	956	957	961	961	974	855	926	860	963	962	967	965	967	861	860	860	858	862	891	863	862	861	861	976	975	947	976	946	947	948	981	975	945	973	976	1010	1011	1009	1012	1013	1014	987	987	985	835	985	968	969	973	934	936	936	936	935	935	964	965	965	967	967	967	858	955	955	864	861	955	861	953	954	1111	956	1115	1113	956	1105	1101	1103	1104	1106	1106	1107	940	1107	936	937	1108	956	1110	955	954	956	961	888	946	951	944	888	888	1032	890	889	1086	1083	1079	848	847	838	839	836	
960	959	959	972	973	972	974	978	983	981	978	978	956	976	977	956	977	927	958	959	962	963	973	927	928	859	866	965	964	965	966	962	861	858	857	856	891	890	891	863	891	976	977	948	948	977	947	945	943	980	974	980	976	1010	1012	980	981	982	988	987	969	986	984	969	989	836	835	838	935	991	935	973	936	973	966	965	968	966	967	969	954	956	955	863	862	863	864	865	1110	1113	1114	1112	1107	1102	1107	1105	1105	1103	938	1106	1107	956	935	936	1105	1109	1107	1111	955	955	889	962	963	945	887	888	891	888	1083	848	1081	1082	849	847	849	848	848	848	
960	960	984	960	961	975	989	980	982	981	980	976	957	927	928	928	976	977	926	927	961	963	975	974	926	857	865	965	857	966	961	961	860	857	856	857	859	860	864	985	985	905	907	906	907	948	950	951	881	944	979	981	977	1011	979	980	1014	987	990	991	990	985	968	969	970	834	837	987	989	936	936	990	991	834	966	969	969	967	967	955	954	956	962	963	962	864	865	866	1108	870	1112	1113	1107	1106	1107	1106	1104	937	933	1107	1106	1110	957	937	1106	958	958	1112	956	957	963	889	890	887	888	890	890	889	1084	1085	847	832	1083	1084	831	848	847	849	
984	962	963	961	991	990	976	988	982	979	980	981	977	978	927	929	977	942	927	944	964	964	940	941	929	864	966	967	856	857	960	961	962	859	858	893	859	858	858	892	906	907	904	949	907	890	950	880	952	980	945	980	991	992	992	980	992	1015	989	990	991	983	969	970	988	990	835	990	835	937	966	966	833	966	968	952	957	968	968	969	949	963	962	961	962	1111	866	1113	1110	1107	1112	1113	1106	1109	1105	1108	1109	1105	1109	1110	1109	1108	958	959	954	959	957	955	948	949	948	952	952	953	889	890	891	889	1083	1084	833	829	1084	832	835	840	846	848	
963	987	964	985	984	988	994	977	987	922	984	979	927	926	927	928	978	943	928	928	864	861	863	930	930	865	867	868	968	969	859	963	844	963	859	860	892	860	858	960	961	905	902	950	889	890	888	946	886	981	981	981	981	983	1003	991	981	982	990	990	992	982	983	998	989	997	998	836	988	966	965	833	1103	967	953	969	958	966	966	952	1112	964	1111	962	1110	1113	1111	1114	1116	1111	1109	1110	1108	1107	1109	1107	1107	1108	1110	1108	1113	1111	1109	1110	954	959	958	958	957	958	959	951	953	953	890	891	845	844	890	834	891	892	833	833	841	847	839	847	
988	985	983	985	920	995	993	990	983	983	980	978	927	934	926	934	927	928	927	863	864	863	862	863	931	868	865	866	970	855	858	863	861	844	845	861	893	859	847	960	906	907	983	888	951	891	945	887	947	890	884	980	869	1004	982	992	1009	983	969	993	973	984	983	990	997	998	995	996	965	966	1105	966	960	1104	963	959	961	962	965	956	965	1112	1115	1112	1111	1112	1114	1115	1115	1116	1116	1109	1109	936	1110	1108	1106	1109	940	1108	1107	1112	1111	1111	1116	958	950	958	959	960	956	1084	1085	891	954	844	834	828	891	891	892	893	1094	1033	834	1092	1098	848	
987	983	982	992	919	994	994	983	982	983	930	932	923	932	933	934	928	928	934	935	864	864	865	865	864	866	871	867	867	859	856	862	863	846	846	980	844	984	848	962	959	982	952	947	954	948	947	959	887	886	885	885	869	870	1003	1010	984	1008	970	972	995	994	987	991	997	996	967	996	967	967	1104	1105	1105	961	957	958	958	960	966	967	955	956	955	955	1112	955	1111	1112	1113	1109	938	1110	1103	1102	1100	941	941	941	942	1109	1109	1112	1113	1110	1111	1115	957	963	961	956	957	957	900	895	845	833	845	829	830	879	893	1095	893	1093	835	1095	1096	1097	
989	986	984	988	986	918	919	925	918	917	926	931	930	929	930	928	934	933	926	861	862	865	865	866	865	867	872	870	866	860	875	874	875	864	847	981	982	983	960	958	847	953	953	951	957	947	959	959	958	884	885	945	886	871	1009	985	1009	1008	974	973	973	988	998	995	992	994	995	966	994	968	995	959	1106	994	960	959	958	956	957	956	955	954	954	956	956	955	1114	1112	1113	937	1111	934	936	1104	942	940	942	942	942	1106	1108	1108	1112	1113	1114	1115	1114	958	962	964	965	899	901	881	1087	834	1087	1088	830	894	894	1099	895	1081	1096	1097	1098	1087	
986	985	986	989	987	920	919	924	919	986	930	932	932	933	930	929	934	935	934	862	860	863	862	867	867	868	872	867	867	872	873	874	861	848	982	983	980	983	961	964	851	954	952	951	956	957	956	952	885	886	862	944	867	1010	1010	993	1009	975	976	975	974	975	999	997	996	996	997	997	967	991	996	994	963	961	995	961	956	956	955	967	954	953	955	956	958	1115	1107	1116	1115	1116	938	935	941	941	942	942	1112	942	941	1110	1107	1112	1110	1111	1113	1113	1116	965	965	967	965	884	898	900	882	1088	843	877	893	879	1098	1100	1095	1097	1096	1097	1086	1082	
986	985	987	993	995	988	983	918	987	925	929	931	933	935	931	931	862	863	934	861	867	861	868	869	870	860	864	872	863	863	873	990	849	850	849	981	981	980	963	850	852	959	960	952	867	868	957	886	886	956	943	866	945	841	994	1010	989	976	976	993	992	1000	998	989	998	997	1002	996	996	995	997	1001	963	962	963	964	965	965	1113	955	1114	1115	955	1108	1107	1114	1117	932	1115	1114	1116	942	936	942	941	942	943	1111	1108	1108	1109	1111	1111	1112	1111	1114	1114	964	967	880	883	882	899	899	902	903	878	878	878	894	1095	1099	893	1096	1095	1087	1088	1082	
988	969	986	994	924	922	982	982	981	988	930	928	930	929	930	937	866	866	867	862	866	867	866	867	871	869	863	855	862	874	874	850	874	862	850	984	982	981	964	851	849	848	849	953	954	869	870	956	955	944	957	958	867	843	846	847	848	972	971	970	1001	999	999	991	998	1003	1001	1003	995	994	1002	1000	1000	963	961	961	964	964	960	1112	1113	956	1105	1104	1108	1109	1108	1117	1116	1115	938	937	938	938	941	944	1112	1109	1109	1116	1120	1083	1112	1113	1112	1113	1114	968	1086	966	1091	1092	883	901	898	904	887	891	889	879	1096	1099	1101	892	1103	1096	1081	1085	
966	967	987	988	995	923	924	981	980	926	929	931	932	934	933	867	936	867	865	860	868	863	864	863	862	864	862	854	854	863	871	873	874	875	853	861	985	861	862	842	850	851	852	846	867	957	956	957	956	958	847	846	847	846	849	849	850	972	971	972	968	981	990	991	995	994	1004	1000	1000	1000	1000	1001	964	962	963	963	966	966	965	950	1116	1115	1114	1106	991	1107	1110	930	1117	1117	1122	1123	939	942	945	935	1054	1110	1117	1117	1119	969	968	967	1114	1091	968	1115	969	1091	1090	885	967	885	884	886	891	890	897	896	897	1099	1100	1102	1092	852	1083	1082	
966	965	989	956	923	922	926	925	982	927	930	930	969	934	929	930	872	937	867	863	862	865	864	863	870	863	863	861	853	853	872	871	875	852	853	990	860	989	987	862	851	852	845	845	847	868	945	957	837	959	957	958	846	850	847	968	864	972	996	967	969	981	980	991	995	996	995	1001	1002	999	970	965	1108	965	968	969	967	964	966	951	951	1116	1116	1107	1110	1108	1111	931	1118	1123	1123	1129	939	940	934	1053	1052	1117	1111	1118	1123	1123	972	969	968	969	1090	1091	968	1092	969	968	884	893	970	905	887	888	889	895	898	855	854	853	1088	1087	1084	1083	
959	961	966	957	958	923	926	926	926	927	927	928	968	969	970	870	931	869	867	866	866	863	861	869	868	862	862	863	865	852	853	991	872	963	854	863	858	863	860	852	852	852	845	871	846	946	946	947	960	959	958	959	843	844	969	863	973	866	969	980	968	980	991	990	989	994	985	994	984	1000	971	966	966	1000	968	962	963	962	969	967	971	1117	971	1108	1109	1109	960	932	1131	1119	939	938	1132	938	933	934	1052	1115	1117	1119	1122	1120	971	971	968	969	880	881	884	855	1091	883	892	893	904	893	890	896	890	899	896	897	1089	1091	1088	1085	1088	1089	
960	966	968	958	962	927	955	956	957	954	955	929	958	969	968	937	936	866	865	865	867	868	862	863	867	866	865	870	866	854	990	992	962	962	963	965	862	861	862	863	848	844	872	951	951	946	947	849	961	850	960	844	848	847	868	868	870	981	970	970	969	980	991	990	991	990	995	985	986	986	967	1106	1105	1108	1107	962	961	964	969	968	970	970	862	1110	995	1110	933	959	1130	1131	1132	1131	939	941	934	1052	1053	1116	1117	1122	1123	1119	883	885	1081	883	882	884	883	1089	854	853	895	894	892	894	904	889	895	898	897	1091	1090	900	901	900	889	1094	
974	972	973	925	962	928	928	956	955	955	961	959	956	959	962	937	961	868	869	950	943	863	865	864	862	935	936	868	869	939	855	941	961	964	854	966	854	855	862	988	844	845	871	950	952	946	948	948	950	849	845	961	845	865	867	869	869	983	984	971	970	984	992	991	980	991	986	984	985	968	876	1105	1104	1106	964	966	962	962	963	969	971	971	861	863	994	960	1111	937	960	1132	1133	1134	1130	940	1126	1054	1117	1118	1121	1120	1121	1120	1120	1121	884	883	888	1087	1088	1090	858	892	893	891	893	894	903	902	902	902	892	899	899	901	899	891	888	889	
973	974	965	964	964	963	929	930	958	957	960	959	961	970	961	962	938	962	949	942	951	866	866	867	938	938	863	864	938	938	856	962	963	965	967	957	855	854	987	845	990	872	873	953	951	947	948	949	941	946	846	962	863	864	869	868	868	866	972	989	985	980	993	979	982	981	982	985	969	986	1105	1105	1106	965	965	963	967	967	963	964	971	962	862	862	959	960	934	933	1129	1134	1133	1132	1132	1131	1069	1052	1053	1123	1122	1073	1121	1121	966	1027	1084	887	889	1088	895	1091	852	857	893	894	891	900	901	906	901	891	893	893	898	900	902	889	890	889	
977	975	975	965	963	964	930	956	957	957	958	960	961	965	963	963	937	939	940	941	937	927	867	937	868	937	939	961	937	971	970	963	964	862	861	956	857	858	855	989	856	860	859	951	950	949	950	942	944	947	947	847	864	868	867	868	990	868	982	874	990	831	981	980	987	983	986	983	987	875	1104	885	885	966	966	966	968	968	1103	1102	972	1104	863	863	960	937	961	1130	934	1134	1128	1129	1131	1132	1065	1068	1069	1070	1056	1072	968	965	1026	1025	1087	1087	1087	1085	1089	856	853	1090	856	855	901	855	905	905	904	903	892	893	901	899	889	892	891	890	
976	968	976	962	961	962	961	955	956	956	947	961	959	965	964	962	938	936	939	936	936	937	939	938	938	928	930	966	940	969	970	959	958	959	957	958	858	856	963	855	857	859	858	860	951	951	952	951	844	944	947	948	868	866	868	871	872	989	875	873	982	983	830	981	994	990	984	984	877	986	885	884	969	886	968	1106	857	969	969	966	1103	1105	864	864	974	859	859	1131	874	1132	1130	1130	1069	1071	1070	1064	1071	1072	1071	1072	967	1027	1025	1026	1027	1086	1084	1085	1092	1090	1089	1090	856	857	856	856	906	907	908	989	893	892	982	981	900	891	891	892	
978	967	969	970	976	977	963	965	960	955	966	965	964	958	963	963	928	938	939	935	936	938	939	936	929	929	929	930	965	968	970	971	959	960	861	862	962	961	860	964	860	861	859	857	858	952	952	952	947	946	880	868	866	950	869	876	870	876	990	983	874	984	874	874	985	995	987	876	987	884	884	887	885	968	887	857	1107	856	966	861	857	959	974	861	860	861	862	860	1132	1133	1132	1069	1068	1070	1063	1066	870	1068	1073	1074	1073	966	967	1027	1027	1023	1085	880	962	1091	858	1090	857	885	857	828	829	824	990	989	988	894	887	982	983	890	893	892	
979	968	968	969	963	962	978	964	961	961	956	965	959	963	964	956	955	954	956	937	933	940	939	971	935	930	965	964	963	965	958	957	958	862	965	963	965	856	962	859	852	860	867	859	858	947	953	869	882	950	951	886	887	949	876	875	875	843	984	873	875	875	876	832	833	836	877	878	988	970	969	1110	886	886	1103	858	857	858	865	860	960	856	958	861	860	861	863	1133	1132	1132	962	1070	1071	1066	872	869	871	872	873	1010	1008	966	932	934	1024	880	879	1086	1091	1090	885	884	884	889	890	827	827	826	827	991	984	983	888	984	983	893	891	891	
969	975	974	975	961	963	962	963	962	962	982	981	961	960	961	957	959	934	955	932	936	940	939	938	970	969	970	964	964	965	964	956	965	964	965	964	857	855	852	851	853	856	861	869	867	946	947	883	883	884	885	886	948	887	877	878	875	874	842	876	876	872	835	834	834	989	837	989	971	877	1109	887	909	910	1108	1108	859	864	859	1111	861	862	863	862	880	880	878	862	1133	1134	1071	860	1069	866	871	873	1009	1011	1009	1011	1029	1009	935	934	1023	880	931	1087	863	859	1091	886	885	888	889	828	827	825	826	827	990	984	982	978	980	981	980	979	
968	970	980	967	964	963	961	962	968	969	986	980	982	959	960	982	955	935	933	934	941	974	937	939	968	969	965	966	955	955	957	956	960	956	965	965	856	853	862	861	852	862	868	866	868	948	947	948	870	888	887	888	887	886	885	873	844	843	844	875	873	836	837	836	837	994	988	995	993	986	878	878	1107	912	1107	1110	1111	1110	1110	862	1111	859	858	863	858	980	861	874	962	884	1071	1070	860	870	865	1032	1010	1012	1012	1030	1010	1008	934	936	1022	881	932	932	863	862	860	1092	1039	887	1037	890	891	827	988	827	994	989	983	981	977	987	981	980	
969	973	976	979	978	964	963	963	970	969	985	981	960	983	961	934	983	933	933	937	936	974	973	969	969	971	971	971	954	956	955	956	957	957	958	855	855	854	855	862	860	868	867	868	949	876	870	875	881	871	887	886	885	884	872	874	874	845	845	874	874	838	875	874	834	837	838	987	994	995	879	1106	1106	911	1111	1111	866	867	864	1111	1110	859	859	864	979	860	863	864	857	859	883	859	1071	966	866	866	870	1011	1013	885	1009	885	1007	935	1023	975	863	861	862	864	891	888	887	886	1032	891	1034	1039	828	993	990	989	988	978	978	988	986	983	
972	975	968	967	965	962	964	963	968	988	986	989	987	984	953	953	934	985	925	971	969	973	972	968	939	972	967	968	977	954	952	958	958	957	957	961	865	855	856	856	859	870	871	950	951	867	869	882	878	877	878	854	872	871	873	873	855	875	844	875	876	868	866	876	836	860	834	991	996	991	996	862	1108	908	862	864	864	865	866	861	1112	967	858	977	980	978	864	858	864	862	860	968	967	867	878	879	871	869	1012	886	884	1008	1022	1026	1026	1025	974	862	862	863	864	889	1036	888	867	1033	1034	1035	829	989	991	982	988	986	987	986	984	985	
973	976	975	968	963	981	979	954	955	954	989	990	951	954	954	952	954	984	973	972	969	968	973	967	965	968	968	968	955	955	955	956	958	956	859	958	962	864	864	860	858	869	857	867	868	868	872	883	881	870	855	873	855	877	997	997	874	857	856	854	869	869	869	865	862	861	861	834	990	989	1108	861	860	861	860	863	863	865	867	858	860	966	856	857	976	858	967	863	865	867	861	883	883	855	880	881	870	872	869	885	871	1023	1026	1021	974	1028	975	1025	862	863	889	841	1035	1036	868	868	842	1036	831	1040	1041	989	981	987	981	982	985	985	
972	985	984	978	981	981	982	978	955	955	955	950	991	956	989	955	957	974	929	974	930	932	967	964	977	978	955	954	956	957	954	956	955	956	860	858	865	860	865	861	861	858	866	862	873	872	871	882	869	994	994	856	857	858	996	998	856	857	858	870	870	868	866	866	836	860	834	862	835	836	990	860	858	861	862	861	857	858	857	863	859	967	855	857	977	968	859	862	864	862	869	865	856	883	882	881	870	869	871	870	967	1027	1027	973	1022	974	976	976	848	848	890	836	1037	1034	865	991	990	1041	846	845	838	984	985	984	982	982	986	982	
984	972	971	979	980	976	977	953	954	980	953	954	950	952	957	985	956	930	933	929	931	932	969	968	969	970	979	981	970	955	955	955	951	965	861	966	861	870	859	871	867	867	964	859	861	871	881	881	881	995	995	997	996	999	998	999	882	857	858	871	872	870	869	858	837	840	840	853	837	853	839	858	859	858	859	862	858	859	859	860	862	910	856	858	859	858	859	858	861	862	863	866	882	881	882	883	873	872	873	968	875	877	878	972	973	1030	975	1033	847	841	837	841	865	864	844	991	1048	845	844	1038	839	985	985	986	838	981	840	987	
972	972	973	981	981	977	971	962	963	956	959	958	955	951	957	959	931	930	932	930	931	934	933	967	979	981	980	969	971	954	953	954	954	955	966	862	863	865	869	868	868	861	860	860	851	869	870	994	882	996	995	994	997	996	996	847	848	858	872	873	874	852	859	858	839	839	839	838	852	838	858	859	860	858	915	911	861	860	863	863	863	857	909	858	859	860	857	859	863	857	869	883	867	872	882	869	884	871	969	874	854	876	877	974	975	1026	1032	976	1034	841	840	864	863	862	845	1049	846	1047	1039	1040	840	986	987	985	987	837	839	840	
973	973	972	973	965	981	972	970	971	960	962	963	956	958	952	958	955	929	933	931	932	968	966	978	968	971	982	983	970	981	982	955	956	955	956	964	863	962	961	965	964	965	861	861	854	871	870	997	998	994	995	1002	995	1002	846	854	880	881	859	883	851	858	853	854	855	840	854	853	853	838	837	854	859	859	861	910	909	862	863	864	863	910	860	859	861	858	861	860	862	864	866	868	869	870	871	868	870	854	853	855	869	874	980	975	844	843	842	844	1032	1033	842	843	843	864	863	862	1045	1046	1048	1038	841	987	844	986	985	865	849	841	
975	974	982	964	982	991	969	959	972	963	961	974	957	955	956	953	934	950	932	967	969	967	967	979	970	965	981	981	980	981	984	985	957	985	957	964	866	963	962	966	969	965	968	969	872	854	870	996	995	994	1003	996	1001	998	858	847	816	853	852	860	851	859	859	860	867	871	855	854	856	858	839	862	861	860	861	860	911	861	966	910	860	911	859	912	860	860	859	860	862	867	867	867	867	871	869	866	867	871	854	852	873	868	875	979	882	881	845	1038	842	1033	1032	844	865	1046	863	1044	1042	1047	1048	1037	1040	1039	849	869	864	865	848	849	
974	976	971	963	965	990	992	973	973	964	973	985	982	955	955	967	953	933	981	950	967	968	968	968	966	966	982	980	981	982	985	984	958	967	979	867	865	866	965	964	967	968	874	873	871	871	997	871	872	1001	998	1001	1002	1001	1002	814	815	816	861	857	858	860	856	860	871	870	855	866	857	856	859	840	862	862	861	862	908	910	909	911	970	912	911	912	1061	862	860	861	862	970	864	868	864	868	866	868	869	868	870	869	869	874	875	883	980	880	881	1037	1034	843	843	842	866	1045	1045	1044	1045	1043	1041	1049	1038	1040	850	868	850	850	845	848	
975	973	972	964	973	991	973	972	974	972	986	974	955	954	968	966	974	979	951	980	965	967	969	969	967	968	984	983	983	987	984	971	985	986	966	967	986	867	987	965	962	963	984	987	873	872	998	877	873	873	1002	1001	1000	1001	1002	814	816	817	866	864	858	869	874	873	870	856	856	870	860	860	861	862	923	922	922	921	911	907	909	910	968	969	913	972	913	914	915	863	863	863	1047	1055	865	865	863	864	869	869	870	871	868	870	979	980	857	853	1039	1039	1038	1035	1046	1045	1034	1035	1047	1043	1045	1042	847	1039	1039	1041	849	851	851	849	846	847	
976	974	973	974	966	992	972	969	971	964	972	975	955	974	974	972	973	975	981	979	950	967	968	970	971	951	967	984	982	985	986	970	982	971	968	823	824	985	986	982	983	870	964	988	988	873	876	874	1004	1002	1001	1003	1002	1002	1003	815	815	866	818	865	868	870	900	874	871	857	871	871	855	859	860	862	861	921	909	908	922	905	908	965	911	967	909	973	971	975	1059	916	864	971	1047	1056	866	869	864	865	870	870	870	867	869	871	982	856	857	858	1039	1038	1037	1039	1033	1034	1033	1035	1033	1044	845	846	842	846	1042	848	849	848	852	852	850	847	
975	974	975	975	966	967	968	968	972	967	969	971	956	974	973	975	966	967	979	969	968	969	968	969	971	950	968	967	987	987	971	972	972	984	972	969	986	986	984	983	965	987	984	984	874	1004	1007	1004	1003	1004	1006	1003	1003	1003	1002	1003	865	816	817	866	866	867	901	899	900	861	859	861	858	860	860	908	862	909	858	922	911	909	910	907	966	966	911	912	974	1058	1059	1059	972	1055	987	1057	870	1057	866	871	1058	1061	871	873	880	870	871	858	880	882	856	1038	1039	1040	1032	1034	1034	1035	1034	844	845	843	844	844	849	851	849	851	852	851	853	846	
976	974	975	967	965	966	967	967	968	972	970	970	972	957	974	964	963	955	969	969	967	968	969	969	967	982	969	966	986	988	971	972	971	973	983	984	970	962	983	964	990	986	985	960	961	991	992	991	1004	1002	1003	1002	1003	1002	1004	1004	866	818	859	858	863	866	861	861	853	862	863	860	857	856	909	907	908	857	910	910	908	911	909	907	908	966	965	966	973	1061	1059	973	1056	986	987	867	1057	1057	872	872	872	868	1060	874	874	877	857	879	881	881	1024	1031	1040	1030	1030	1035	1032	1034	845	862	1045	843	844	1001	852	850	850	853	853	852	853	847	
976	976	975	968	967	964	965	968	968	972	971	976	1023	973	975	1026	963	962	954	965	966	968	970	947	968	983	968	987	989	985	988	973	972	973	974	984	988	988	961	962	965	989	998	995	996	994	990	991	1003	1006	1007	998	1004	1005	816	1005	813	819	860	859	861	862	861	860	862	861	864	861	861	857	908	909	858	856	910	911	911	912	912	910	909	967	967	968	968	1062	1066	1065	848	867	866	988	1056	873	871	872	873	873	1062	1061	863	860	861	881	882	1025	1025	1030	1031	1029	1034	1035	1033	1035	1043	1044	844	845	844	845	841	840	850	851	852	845	855	854	
975	972	974	976	969	966	975	976	977	975	975	977	1026	1024	974	964	1025	953	954	967	966	949	957	971	984	985	984	987	989	986	987	968	990	974	969	970	987	989	964	963	962	963	997	997	999	1006	1005	1004	1007	1008	1005	997	998	1003	1002	815	812	861	860	815	814	813	814	858	861	863	860	860	862	909	848	849	857	913	857	858	859	860	970	913	992	991	966	967	968	969	1063	1066	848	847	988	1057	870	869	872	872	871	1063	863	862	874	874	884	885	863	1026	1031	1031	1032	1030	854	1035	1034	870	868	867	870	870	1021	1019	854	854	839	851	852	846	854	855	
975	975	975	978	978	974	975	973	974	976	972	1025	979	1029	1028	1027	1026	1026	948	967	948	950	958	972	983	982	988	991	988	989	988	991	992	968	814	820	821	818	818	820	961	992	996	998	997	992	1007	1006	1005	1008	1009	996	997	1004	1001	814	815	860	812	816	983	867	868	857	859	861	861	861	857	858	860	860	858	914	914	916	910	1007	1006	993	994	969	966	969	968	969	1067	1068	1067	1065	1066	869	871	872	858	874	875	870	873	998	997	883	885	862	1027	1027	1030	857	853	859	855	855	1036	869	1019	864	869	869	1018	1020	853	854	842	854	855	853	854	854	
973	974	977	978	979	975	974	981	976	971	973	978	1026	986	1030	985	986	953	949	947	1033	961	961	959	984	983	983	987	986	990	985	986	990	990	821	821	819	819	988	819	962	964	991	999	993	998	1007	1008	819	820	997	998	813	817	816	818	817	860	860	860	863	984	982	981	861	858	859	862	859	860	861	861	915	915	917	910	1006	1004	1003	1007	970	995	966	967	966	992	972	1056	1055	1066	849	847	870	848	848	857	858	872	872	876	877	996	864	855	856	855	856	861	858	854	860	864	858	1020	865	1022	865	866	870	863	855	841	854	855	1128	855	855	855	
976	973	979	976	977	976	980	982	977	972	975	982	987	985	984	985	986	950	954	955	1032	956	960	958	966	956	957	965	991	987	991	990	980	815	979	816	814	990	989	964	820	961	826	827	826	820	994	816	817	819	820	812	813	997	817	819	818	816	859	988	861	864	981	983	981	982	861	860	860	861	860	862	856	916	911	1007	1005	915	914	915	996	1008	968	1005	990	993	971	1054	848	1056	850	855	849	871	847	856	857	858	875	873	878	855	854	866	856	862	1031	1032	860	862	863	859	858	1020	1019	1019	1023	1022	862	860	857	1128	1128	1129	1127	856	857	856	
974	972	977	974	973	974	973	971	980	981	992	987	988	985	986	981	951	1031	1030	982	1033	1033	957	968	957	958	994	958	959	969	980	979	978	980	815	981	816	815	990	990	974	972	962	825	993	993	994	817	817	817	1008	815	813	811	811	1005	861	861	987	862	983	984	983	983	983	858	982	985	986	868	862	863	874	909	909	912	916	1011	1011	1011	1013	1008	1009	1004	978	977	977	1055	1057	1057	855	854	851	849	846	845	846	856	876	877	850	855	855	865	863	864	865	859	859	861	864	860	1023	1022	854	1020	863	863	859	1129	858	1127	1127	1129	1128	858	853	1124	
971	975	973	976	973	974	985	986	979	978	991	1015	989	986	980	1030	983	1031	990	1033	1032	959	958	965	967	993	965	959	968	979	970	977	972	971	982	816	981	991	810	973	973	974	823	824	824	824	823	818	816	818	1007	1008	814	811	810	811	1006	986	987	818	984	981	982	986	859	983	984	866	867	857	859	875	856	875	908	910	1010	1009	871	1010	1012	1000	1005	1004	1003	1006	976	1056	1058	854	853	851	850	850	855	846	857	858	858	850	849	870	870	856	866	864	864	859	862	863	866	858	860	861	1023	853	862	860	860	1128	859	1132	1132	1127	1134	852	853	858	
976	974	974	977	975	978	982	982	977	978	1016	1016	976	981	976	992	991	982	991	1034	1033	1034	966	965	964	965	965	969	978	975	971	968	980	988	989	973	982	811	826	975	974	975	824	820	825	823	821	1011	1010	1008	1009	1009	1009	811	987	813	986	987	988	819	983	983	982	987	872	860	988	985	851	857	858	860	899	896	895	896	865	1010	1008	1009	990	940	1001	1006	936	1005	1057	935	978	979	1058	851	851	855	855	854	857	858	857	848	851	870	869	870	863	862	863	863	860	859	865	865	862	859	852	863	854	861	865	1126	1127	1131	1128	1135	853	853	1134	854	
975	972	975	973	974	981	981	982	985	970	979	980	974	975	987	988	989	993	981	983	982	981	978	979	966	969	964	970	974	976	967	981	976	989	1011	982	1009	983	974	974	818	818	819	824	972	821	1011	1012	1008	1010	1010	1008	812	865	987	986	985	987	987	988	984	984	988	988	988	871	987	852	852	852	849	898	899	900	897	864	864	1013	869	991	997	998	1002	938	936	935	934	933	869	1057	1060	1061	933	841	842	843	856	858	859	852	849	852	871	868	868	873	865	860	860	859	861	866	861	863	861	865	864	1128	864	1130	1129	1130	1132	1136	1045	857	856	861	
973	978	973	982	983	980	980	986	986	968	969	973	986	987	986	993	981	981	992	983	982	982	979	967	968	967	968	967	975	968	966	990	984	990	981	1010	1009	1010	977	978	819	823	827	825	821	820	1012	819	1007	1009	1012	1013	1009	1013	1009	986	863	988	988	981	862	987	985	989	874	989	870	871	851	858	901	848	901	898	866	864	863	868	1014	1013	1014	998	1003	1002	937	936	934	868	1064	1059	1062	1063	1065	842	840	841	857	857	853	857	852	851	868	867	852	867	864	864	861	1051	862	859	865	864	862	865	864	863	865	1128	1129	1132	1044	1046	1042	857	860	858	
973	975	974	974	981	982	979	970	987	970	974	970	987	981	980	992	980	981	980	993	984	983	981	980	968	967	969	968	986	969	990	977	981	982	991	980	974	980	828	977	978	828	826	828	820	819	820	820	820	1011	1011	1011	1012	1014	828	826	823	862	863	989	862	863	860	989	990	869	870	872	872	850	849	900	899	912	865	864	868	869	869	867	868	1005	1004	994	859	930	867	1065	855	1063	869	1064	931	932	842	844	856	842	843	843	858	858	861	851	868	868	868	865	1050	863	858	860	859	860	861	1002	1003	1052	1129	1042	1042	1131	860	1043	1044	861	861	859	
974	974	975	973	981	982	971	982	982	971	972	979	980	981	982	981	981	992	986	993	986	982	984	985	981	968	985	969	969	984	991	982	976	982	983	983	979	982	975	827	826	976	977	819	828	825	821	820	1013	1013	1012	1014	1015	1008	827	1010	1011	826	864	979	981	982	983	862	865	866	851	852	851	853	854	901	907	908	864	865	868	867	1015	1012	923	924	1008	1007	872	1004	1003	868	854	856	933	932	902	932	840	857	856	842	852	853	844	852	863	1046	1046	869	1050	1049	862	864	861	862	861	862	1054	1003	1051	1051	1051	1043	1043	1044	1044	1045	1044	1046	860	860	
976	975	981	982	983	982	973	982	981	973	979	978	982	974	973	982	978	987	987	985	977	985	983	971	970	974	976	986	987	989	987	986	987	983	984	985	982	976	982	981	980	979	830	819	828	822	827	822	822	1012	1008	1013	1014	857	1011	828	1011	827	869	982	983	867	863	863	851	865	849	852	853	911	854	855	899	854	913	865	911	868	1013	1014	1013	1009	1010	870	1001	861	862	1004	855	854	932	903	901	841	844	857	858	859	860	859	853	857	853	1045	1047	1048	1048	1000	1051	861	860	859	863	1055	1053	1050	1051	1052	1056	857	858	1048	1046	1048	1046	861	861	859	
974	975	980	981	981	973	974	972	982	972	977	981	981	971	974	974	983	977	985	986	971	984	972	970	975	972	975	974	979	988	988	987	987	985	984	983	1013	984	983	981	981	980	818	820	821	828	821	822	1013	859	860	857	856	1012	1010	865	874	888	981	870	868	892	863	892	864	850	850	908	911	910	912	855	900	912	866	867	867	863	869	1015	868	925	1010	879	878	876	859	859	908	907	903	902	902	903	845	843	859	857	861	858	861	856	853	854	1045	1049	999	865	1061	863	1057	1057	1051	863	1051	1054	1049	999	999	856	858	996	1047	1046	1049	1052	1051	1052	
976	975	981	982	983	982	983	1025	994	980	981	980	1025	983	982	975	985	986	978	979	980	979	980	980	985	973	975	988	990	986	989	988	989	983	1010	1012	985	984	983	978	984	983	817	818	821	820	830	830	860	861	860	857	857	1013	1011	875	872	871	887	871	983	984	891	865	891	866	867	851	913	913	911	908	908	909	909	865	873	868	870	871	925	924	870	877	880	878	860	861	860	907	906	903	903	843	846	860	858	860	861	860	841	854	857	857	1046	1000	866	865	1060	1060	1056	1058	1050	1049	1000	998	1050	998	999	1055	1056	861	995	861	1047	1052	1053	1053	
1033	1032	976	1032	984	983	984	985	1024	993	980	982	994	995	991	985	991	986	990	980	994	982	983	981	986	972	990	989	988	987	987	989	985	989	988	988	1013	983	985	985	984	984	985	820	822	823	830	829	862	866	862	861	857	856	857	871	869	870	870	872	984	893	892	859	858	986	986	987	907	903	904	905	909	910	910	864	868	867	866	926	872	873	874	873	879	859	881	861	862	908	868	867	904	867	868	856	857	868	869	861	862	858	856	855	856	867	1001	867	1059	1059	1059	1057	1059	1057	1050	999	997	1000	1001	1057	857	997	860	1047	1053	1052	1053	861	
982	978	1031	1033	1033	1023	983	983	986	993	982	981	994	984	994	990	992	991	992	991	992	993	984	972	971	973	989	986	988	986	988	984	990	991	985	984	1107	982	982	983	826	822	821	821	823	870	826	826	867	867	860	856	860	855	856	872	870	868	887	985	873	871	872	899	856	857	985	986	906	904	908	897	869	868	865	869	862	867	870	870	876	873	874	878	880	880	894	882	896	869	867	905	905	846	847	865	866	867	862	862	860	859	857	855	1048	1002	1001	1002	1057	1056	1057	1058	1058	1054	1055	1051	1049	1000	998	998	858	858	984	1054	1053	995	856	1054	
997	1032	1032	979	979	979	1022	984	1022	995	1028	1029	994	993	990	989	991	992	992	993	994	985	996	997	993	990	991	987	988	987	988	989	989	991	992	1107	1106	983	823	824	825	824	872	822	822	873	866	825	826	861	862	861	858	857	866	867	873	869	888	898	872	900	900	873	859	858	900	901	991	907	908	868	897	897	859	870	863	865	871	869	871	881	880	875	860	860	861	883	945	897	866	864	865	846	866	863	864	865	863	861	862	858	1057	1056	857	1001	1000	1006	1058	1058	1059	1057	1059	1060	1050	1050	1052	996	1001	994	1000	1048	985	983	994	857	857	857	
996	1033	1033	981	1028	1023	1023	1021	984	1027	1028	1030	1028	994	991	987	988	993	993	990	991	992	989	994	989	989	983	992	988	988	989	990	990	1107	1108	1108	1107	1106	1104	822	824	826	825	875	873	874	872	829	859	827	863	859	870	866	867	874	867	867	903	902	899	902	899	903	859	899	991	901	901	901	909	901	900	896	862	863	864	864	870	872	870	872	873	880	859	858	895	944	898	895	898	866	837	864	865	867	862	862	866	865	862	859	1055	1060	1004	1003	1007	999	998	998	1007	1008	1058	1057	1061	1049	1000	999	998	1051	1052	986	1051	1052	858	858	984	983	
997	998	980	982	981	1024	1024	1026	1028	1028	1026	1027	995	1032	1033	992	993	994	987	989	991	992	987	987	987	988	989	989	988	991	991	985	991	1105	1108	1106	1106	1103	1105	825	826	872	879	875	876	873	828	817	830	869	868	864	869	867	869	867	865	866	868	903	903	900	901	901	902	990	989	899	900	904	904	899	899	898	899	862	865	1100	871	871	873	871	872	944	943	859	868	867	896	899	867	865	866	864	868	839	865	863	867	864	1053	1060	1054	1059	1004	842	845	1000	1001	999	1009	1059	1001	1057	1052	995	1000	999	1050	1053	1055	999	1000	999	1000	982	985	984	
999	998	983	984	982	979	1027	1029	1025	1029	1026	1025	1024	1032	995	994	994	994	988	988	989	985	986	986	989	988	989	989	990	991	986	988	986	985	1107	1105	990	991	1107	827	826	875	874	876	876	815	818	829	830	822	821	870	871	870	871	870	868	903	869	904	904	899	899	900	901	900	990	990	901	902	903	898	859	896	864	900	863	1101	872	867	874	873	872	873	881	944	860	897	868	865	864	866	866	867	840	838	862	868	868	865	1055	1056	1059	1005	845	844	843	846	1000	850	851	1010	1000	1051	1052	1053	996	1001	1054	1000	1054	1000	1001	1001	999	1001	996	986	
