126	126	127	126	133	132	133	135	134	129	131	130	137	134	136	124	132	124	125	131	130	128	129	130	215	216	218	219	195	194	111	223	109	110	111	105	193	196	197	199	97	98	103	108	109	109	105	104	74	75	74	72	74	356	357	358	356	359	362	363	362	363	364	256	254	256	254	255	295	306	296	297	294	297	304	298	303	304	303	314	303	316	317	320	321	378	378	378	377	375	374	333	334	335	336	134	135	134	131	132	133	133	134	140	144	143	142	141	140	141	150	323	324	320	319	318	324	325	327	327	326	326	322	321	322	323	329	330	
125	128	127	126	125	135	136	135	136	128	129	129	137	133	135	131	131	126	128	128	131	128	130	131	216	217	221	219	220	221	222	110	198	199	100	107	197	199	200	104	99	103	102	107	108	77	107	106	105	75	72	73	74	358	359	359	355	358	360	361	362	363	364	255	252	253	255	296	292	257	292	295	296	296	297	303	304	304	304	302	313	304	319	318	319	379	377	376	332	374	375	336	135	130	337	132	135	134	135	130	131	134	135	135	139	143	143	140	139	141	149	150	323	317	320	324	326	323	328	327	328	327	323	320	321	320	330	328	
126	127	126	133	133	125	136	135	136	128	130	128	132	133	134	130	129	132	129	127	211	129	130	132	217	222	218	220	220	199	198	107	199	96	107	99	100	101	105	104	103	102	103	107	108	72	78	107	107	77	61	75	77	359	358	358	359	361	363	363	364	362	251	250	251	253	254	304	295	291	258	291	302	293	293	294	304	221	220	305	317	320	314	314	319	318	377	378	380	377	375	134	337	129	131	134	135	129	130	136	134	132	138	140	144	138	144	148	149	150	151	152	316	326	322	325	324	326	332	326	326	328	325	325	325	324	321	332	
125	128	122	125	132	136	126	135	136	127	126	129	130	133	132	136	129	131	133	131	212	216	215	130	223	223	221	107	107	201	200	197	108	106	97	98	98	199	105	105	103	104	101	108	71	71	69	108	108	71	77	75	76	360	355	357	357	359	360	361	362	361	251	251	301	255	305	313	294	259	259	291	301	292	295	305	223	223	224	225	314	313	304	313	302	307	305	378	379	332	377	376	133	133	132	130	133	129	135	150	148	138	137	139	139	145	147	143	150	148	153	316	315	326	325	321	327	326	325	331	324	326	326	324	325	323	322	331	
122	121	130	121	133	137	138	135	137	130	131	127	128	129	135	133	130	130	130	213	212	130	131	216	215	216	117	119	106	201	119	201	198	105	200	97	105	104	105	104	103	104	95	96	72	70	107	109	68	68	62	73	76	357	357	358	358	358	361	361	360	371	250	251	252	375	301	314	315	291	291	291	291	224	224	294	222	223	222	303	226	305	305	303	306	307	304	377	378	333	334	335	134	132	337	338	131	134	138	149	149	147	148	140	138	150	146	146	71	147	71	154	72	325	327	322	319	328	328	329	327	328	327	328	325	329	327	330	
122	129	120	130	131	138	129	127	138	125	126	125	129	128	129	131	132	131	214	216	215	211	213	215	216	120	118	119	109	118	202	203	204	199	199	97	206	104	105	104	105	105	63	97	106	71	69	73	67	68	61	74	72	71	73	359	367	367	358	362	371	370	374	373	256	253	315	257	314	315	292	292	316	223	293	313	224	226	227	227	321	303	304	305	306	307	305	378	379	132	131	131	132	336	133	139	140	137	150	142	144	149	146	145	146	147	148	147	146	147	72	72	321	322	320	321	320	321	329	329	318	328	329	319	320	328	330	329	
128	127	127	132	132	132	130	128	126	139	126	126	126	127	132	136	216	213	215	212	216	215	216	214	217	121	119	117	113	201	117	201	204	98	98	207	207	104	105	106	106	106	64	80	81	70	75	68	74	69	63	62	70	75	73	360	368	368	358	357	359	357	253	373	376	255	301	299	256	298	291	300	317	311	314	294	300	224	225	228	224	320	302	305	307	308	378	380	378	377	131	130	133	132	132	131	138	139	143	144	143	147	147	141	144	145	146	149	149	150	72	325	325	321	324	319	322	321	330	319	320	322	320	320	320	329	316	319	
126	128	128	130	131	131	130	136	135	127	135	136	137	128	134	134	135	214	216	215	216	113	109	109	216	105	104	223	218	217	217	115	116	203	99	101	102	208	206	78	77	64	79	64	63	64	65	65	112	67	64	63	63	72	76	76	77	78	359	357	358	356	256	374	259	257	258	311	313	300	293	311	318	275	295	296	303	301	225	313	321	304	305	322	322	130	378	377	378	133	135	132	131	133	133	339	134	138	139	144	139	142	148	144	143	149	150	148	148	150	152	324	323	324	324	77	323	318	318	325	326	321	317	324	316	319	318	330	
127	131	132	132	128	132	129	135	128	128	137	134	130	262	262	262	135	137	215	129	129	217	216	108	107	104	103	112	215	115	101	102	202	101	204	205	204	205	115	80	79	80	63	62	65	64	110	111	66	65	64	72	64	71	72	75	80	79	370	358	368	255	255	257	258	353	293	291	310	312	272	312	310	316	274	310	301	302	278	277	314	322	303	309	321	304	308	307	378	135	136	135	135	341	138	139	135	139	145	140	140	140	149	144	150	151	146	151	149	289	291	291	324	323	77	78	320	319	324	325	323	324	316	323	324	316	318	319	
132	132	133	124	127	126	126	136	129	129	129	129	130	134	261	262	259	139	140	131	130	130	218	108	105	102	111	111	112	112	113	104	102	201	99	99	101	101	116	117	63	63	63	64	64	111	110	112	75	66	72	73	73	72	72	71	77	76	359	75	359	256	254	351	352	294	292	293	292	309	311	311	312	308	311	309	276	303	315	312	276	314	304	323	322	128	305	381	381	333	133	134	138	135	140	136	140	133	137	146	141	148	149	147	139	147	139	139	154	289	290	325	324	325	78	321	321	326	323	324	321	317	317	323	322	320	323	320	
133	135	133	136	123	124	137	128	137	128	128	129	128	137	262	261	263	130	140	129	130	129	130	109	104	103	104	110	111	113	105	106	202	100	100	101	100	102	105	107	107	64	62	65	64	73	74	74	76	73	74	74	76	73	73	73	77	75	74	75	76	77	261	262	294	291	360	303	311	303	272	307	276	272	275	276	315	277	315	314	144	277	315	305	324	382	382	383	383	133	132	135	136	141	141	141	142	312	90	310	144	143	150	144	140	153	140	138	155	283	283	278	331	325	330	322	320	322	327	322	320	319	318	323	319	324	321	322	
134	135	135	134	129	131	130	129	127	131	130	129	130	140	138	260	140	129	257	141	259	130	110	105	110	104	106	105	198	114	112	113	104	108	104	108	102	101	82	83	65	65	67	68	69	76	74	75	78	89	78	73	72	77	79	77	76	77	76	356	259	261	263	260	295	260	292	359	315	312	304	273	275	274	273	274	315	314	315	222	315	143	142	145	144	386	384	381	382	134	335	140	335	140	140	139	142	141	311	91	144	149	143	321	145	141	142	146	156	282	283	329	330	331	332	324	321	322	323	319	320	321	319	320	324	327	320	319	
128	298	297	136	137	131	131	131	130	132	130	130	257	141	139	139	140	258	130	260	142	131	130	106	104	205	199	200	112	113	113	114	109	106	107	104	102	103	84	105	65	68	67	109	76	75	75	77	78	90	88	90	89	80	76	77	78	78	76	77	357	356	261	260	259	294	133	314	314	314	305	275	273	275	275	316	315	313	223	316	223	275	226	227	228	384	385	383	135	138	139	136	137	134	139	140	87	147	89	312	320	147	147	322	147	144	145	157	319	318	319	319	320	277	325	326	322	323	324	318	317	321	322	326	327	326	327	326	
317	302	299	316	130	302	132	132	257	257	258	131	130	256	259	260	257	256	259	260	263	290	84	210	210	209	210	198	200	207	202	203	104	108	105	100	114	115	121	67	66	110	109	108	118	118	79	80	79	80	81	89	90	76	75	75	76	77	82	355	358	260	263	356	352	134	133	134	315	275	315	78	275	315	276	274	314	318	317	275	274	224	227	229	385	386	385	390	389	141	140	336	335	136	141	88	95	88	93	318	319	321	146	319	148	146	149	320	284	318	317	321	321	320	318	319	327	323	326	316	324	319	327	327	325	328	328	329	
316	316	315	317	303	128	129	133	256	255	132	132	258	258	260	261	86	260	260	261	291	262	83	209	208	107	200	199	208	205	206	105	199	109	107	99	101	116	122	120	114	114	120	112	117	65	64	81	78	113	86	90	86	77	81	76	78	81	76	77	356	264	262	264	355	354	135	134	274	276	277	275	79	80	314	275	274	133	318	131	275	131	224	134	384	146	386	389	391	391	142	141	336	135	140	140	147	89	94	317	319	147	318	319	148	149	147	148	318	318	320	320	321	321	318	317	320	325	327	327	323	328	321	326	329	326	327	330	
298	315	314	301	302	129	306	130	257	257	256	132	133	257	258	85	86	252	253	253	294	255	210	84	208	207	200	204	203	209	200	198	108	110	108	98	121	122	121	121	113	119	120	121	111	65	73	65	76	77	88	85	84	80	81	81	81	77	82	78	357	79	267	266	366	365	132	134	277	278	275	276	277	315	274	275	132	319	132	222	277	276	277	132	385	136	136	390	143	392	390	337	337	136	141	141	138	95	145	145	318	148	148	149	149	222	148	314	319	217	319	217	218	319	321	325	326	325	327	324	324	326	327	320	323	324	326	327	
300	299	300	303	300	305	314	316	258	255	258	256	256	96	90	86	87	87	252	255	254	255	294	86	87	208	201	207	204	210	199	306	307	108	109	108	109	116	123	114	110	110	76	122	112	71	72	74	77	76	70	89	81	85	81	80	79	83	80	74	79	80	362	266	356	362	364	365	276	277	275	277	72	362	363	133	132	131	271	133	225	131	277	135	134	136	137	391	144	142	390	138	143	142	140	139	144	146	146	144	313	314	149	150	224	223	313	318	315	219	216	218	326	325	322	325	324	325	328	328	327	325	325	322	321	324	325	331	
317	301	301	301	304	314	313	250	251	255	252	257	255	95	87	89	248	88	256	255	256	256	203	295	87	209	244	208	208	201	305	200	102	101	102	101	110	210	118	119	115	76	75	74	74	72	120	76	78	79	182	90	86	87	180	88	81	78	76	80	77	76	77	78	362	357	363	359	277	277	276	69	73	73	363	77	275	276	273	226	224	224	225	135	137	138	137	138	143	143	139	138	138	143	142	141	144	145	318	145	145	314	315	225	226	314	319	204	218	217	217	323	324	325	326	325	324	329	327	321	326	328	326	324	321	322	332	333	
318	299	316	305	316	317	316	249	254	253	254	95	96	97	249	248	249	249	257	256	257	202	202	204	210	211	243	205	304	202	205	306	209	103	103	108	109	110	211	206	112	76	74	76	62	73	74	67	220	80	181	182	183	89	179	179	89	178	77	78	79	88	78	78	363	364	358	357	276	364	68	364	71	72	73	276	277	274	227	227	115	225	225	226	136	137	136	137	149	150	139	138	137	143	139	140	140	141	77	317	315	152	156	153	225	197	313	200	201	218	205	217	218	326	329	325	325	328	328	323	329	327	323	322	320	321	324	334	
301	313	312	315	318	317	251	250	250	250	254	252	244	245	246	247	91	90	250	251	200	201	202	211	200	296	300	244	204	203	206	209	208	104	107	214	220	120	205	204	205	75	208	75	181	61	68	219	220	182	182	182	183	179	180	180	177	78	89	87	88	87	79	362	363	358	357	359	360	68	363	70	72	72	72	277	275	274	279	278	118	127	227	137	227	139	139	140	138	151	148	138	140	143	141	145	314	316	314	76	77	157	155	327	198	199	314	201	207	217	216	323	324	324	330	328	361	322	324	324	328	326	328	327	329	328	331	330	
300	301	302	302	313	314	318	250	250	251	255	257	251	211	246	210	209	209	90	91	90	210	212	201	201	202	299	300	301	298	220	207	210	106	214	104	213	121	206	205	207	209	76	65	67	69	219	80	81	183	71	183	182	181	180	181	180	88	89	210	88	80	73	208	237	358	358	358	361	69	210	211	69	73	278	276	356	357	118	118	117	117	126	140	138	140	137	141	142	149	150	149	151	152	142	141	140	315	316	75	77	156	329	326	327	199	200	204	200	217	202	327	326	326	353	362	329	366	331	329	327	327	326	329	327	326	329	332	
300	322	302	318	318	317	316	323	250	251	256	256	325	323	210	209	210	210	210	89	211	213	204	299	298	300	210	300	299	300	92	207	208	209	215	215	372	217	204	207	206	65	64	68	64	218	219	218	79	80	184	76	182	181	182	182	182	184	90	88	89	74	209	210	209	210	237	130	70	211	210	363	209	279	78	276	277	139	138	142	115	121	120	139	137	128	129	136	150	139	137	150	151	153	153	141	142	317	316	74	76	78	327	327	318	319	319	320	205	201	319	328	325	326	363	364	365	332	332	335	289	335	336	330	328	328	329	332	
321	299	298	318	319	319	318	319	322	359	134	257	255	256	213	214	377	376	211	90	214	214	203	297	210	211	211	300	301	93	94	371	370	222	370	371	372	203	205	204	205	63	67	66	67	66	217	80	80	78	81	81	82	182	181	182	183	183	211	89	212	79	81	82	210	211	211	129	130	212	362	210	280	320	277	278	277	140	139	141	116	141	122	121	128	127	130	137	151	138	153	138	138	154	140	154	318	319	320	321	156	329	79	84	329	318	326	326	86	88	88	318	367	326	327	328	333	333	357	327	334	286	328	333	329	332	331	332	
321	320	321	318	319	318	320	320	358	256	132	133	257	256	257	215	214	358	357	358	379	215	298	211	212	212	210	210	94	213	372	222	221	369	218	219	220	204	206	203	213	66	66	66	67	222	212	81	81	78	80	82	80	81	183	182	215	212	212	210	211	203	78	79	212	134	128	131	240	240	240	281	209	320	319	357	141	367	143	142	143	142	142	123	129	137	129	131	139	152	143	143	212	141	150	153	155	143	318	314	314	84	82	88	330	327	87	90	85	87	328	318	365	366	329	330	361	361	326	358	288	329	329	329	333	330	334	331	
320	319	316	320	319	321	319	320	358	357	358	358	140	140	133	358	359	356	92	378	377	378	300	299	300	211	208	95	210	211	213	223	370	219	221	222	69	69	205	214	215	66	67	65	67	185	211	182	82	80	79	81	80	236	82	212	215	214	213	214	209	238	203	236	135	136	133	129	241	134	209	209	211	142	210	142	364	366	143	144	146	145	143	137	136	135	123	130	140	144	144	142	213	234	151	152	154	214	144	84	315	315	81	83	82	328	85	91	89	91	329	321	285	285	285	280	362	360	360	376	290	291	284	335	289	333	335	332	
312	320	319	315	322	320	62	319	322	321	357	140	139	142	357	360	359	360	357	129	379	381	301	302	293	301	209	210	211	212	215	90	91	220	223	222	70	68	68	64	65	216	65	66	185	186	183	211	210	212	82	183	183	184	185	214	215	214	213	208	210	239	237	237	238	235	134	134	211	242	212	208	211	141	141	363	369	144	142	121	144	146	123	144	136	135	122	141	120	143	143	236	235	76	236	237	79	215	215	79	78	316	84	82	85	88	90	330	88	90	321	320	320	284	286	364	363	356	357	375	283	290	291	292	290	334	333	333	
313	314	316	314	316	321	63	61	324	321	141	358	330	144	143	359	131	129	130	131	211	212	378	292	209	211	210	211	140	92	93	89	221	221	191	71	224	71	68	360	66	66	66	66	68	211	211	211	212	213	214	184	182	184	185	216	216	185	210	209	204	211	238	238	237	234	130	212	243	211	214	143	141	140	369	368	362	143	120	143	144	123	147	148	337	136	336	123	335	121	79	145	77	76	76	235	216	78	216	79	78	77	91	81	89	89	87	89	329	89	358	93	320	319	283	282	317	375	374	284	374	292	337	291	380	335	332	334	
315	323	316	314	326	126	64	64	323	64	359	331	331	331	361	360	360	132	130	128	129	212	377	213	210	211	212	213	371	139	91	370	91	189	190	147	190	191	359	358	359	67	68	211	212	212	211	210	211	183	213	222	183	188	187	188	184	184	210	202	212	140	237	137	138	238	235	244	133	213	215	142	214	215	362	363	369	370	119	144	144	145	122	123	336	137	335	334	124	336	331	78	333	77	75	217	218	137	86	217	90	88	78	90	88	85	87	88	90	90	94	318	320	370	283	316	315	316	317	374	365	196	363	379	381	381	336	335	
324	324	315	316	315	325	64	63	324	360	65	71	74	75	334	376	359	129	130	213	377	378	378	214	214	213	210	306	307	90	92	92	92	92	188	148	148	360	70	359	358	359	69	213	218	212	213	188	211	186	191	184	221	184	189	182	183	184	201	202	372	139	140	238	239	251	252	250	249	249	249	215	143	365	364	126	125	371	145	146	146	337	146	334	333	138	333	400	335	333	334	332	332	79	76	137	138	136	87	87	87	89	309	89	90	89	86	88	89	91	92	317	319	316	316	316	315	316	317	198	196	364	365	362	363	382	379	336	
323	321	325	72	71	72	326	64	65	64	72	73	73	335	76	361	360	363	363	132	131	378	216	215	215	214	212	134	305	89	93	141	143	150	149	150	193	192	190	194	146	220	218	217	218	137	138	207	189	190	185	187	222	190	237	183	183	201	202	371	371	214	140	254	254	255	251	252	250	248	283	286	362	370	360	370	368	128	362	360	361	333	334	337	334	337	338	399	400	333	332	127	139	139	77	258	137	137	128	88	88	88	90	84	91	84	87	358	90	92	92	316	324	315	318	315	316	317	195	376	197	379	378	377	381	383	379	378	
320	320	73	75	71	73	325	66	65	327	70	72	70	357	77	377	358	134	133	132	133	132	212	216	214	306	215	215	133	147	92	144	143	150	364	150	365	362	193	145	145	137	206	219	220	136	129	206	206	207	186	211	191	238	182	182	242	241	238	372	373	372	369	370	253	254	285	253	283	284	285	284	285	361	369	370	125	126	127	126	127	362	363	330	262	334	400	399	398	331	331	129	140	334	140	140	139	132	130	288	287	286	91	84	83	88	85	88	93	320	91	323	323	325	315	319	318	321	201	194	202	200	377	379	377	197	372	373	
321	321	73	74	69	68	326	326	71	62	75	74	72	359	75	78	357	362	361	133	75	131	308	307	306	307	216	307	308	148	146	143	151	365	151	365	362	361	145	144	138	205	136	204	204	205	135	207	207	187	211	192	240	239	239	185	185	241	379	373	374	375	370	371	282	286	367	252	251	286	286	285	366	239	142	143	127	365	364	213	365	209	211	331	329	261	330	393	330	332	331	141	333	140	141	140	283	131	129	129	288	84	83	84	85	85	287	86	321	322	321	322	320	320	324	327	328	319	193	200	201	378	201	380	379	380	198	374	
324	321	322	72	69	70	69	73	72	72	74	74	71	76	76	74	363	362	363	133	134	132	212	307	308	308	306	309	146	145	144	147	146	145	146	362	365	364	362	139	358	136	137	203	203	128	129	208	204	188	207	212	211	212	213	184	234	378	377	370	369	368	368	368	284	283	284	368	285	286	287	367	366	365	143	128	366	211	212	213	364	211	331	330	332	331	394	331	332	331	332	89	90	92	135	284	132	130	130	135	134	85	286	86	86	322	87	322	89	90	321	323	324	319	321	325	320	325	194	194	379	376	376	381	380	199	338	375	
322	323	320	322	323	324	325	72	73	76	73	78	75	73	73	72	77	80	81	79	213	133	88	311	213	214	308	147	312	143	146	145	145	147	363	363	363	364	260	363	137	361	205	129	127	204	212	130	205	212	213	213	213	241	240	240	185	379	378	376	379	369	370	249	248	285	248	286	286	284	287	367	367	367	366	365	213	367	212	211	210	211	331	332	331	333	219	218	219	332	264	265	91	286	287	134	131	320	133	131	324	86	286	87	87	321	320	321	321	321	322	321	318	320	326	321	326	322	202	202	380	381	380	377	382	200	370	372	
323	77	69	69	325	326	326	76	77	78	79	322	73	72	74	76	76	79	82	80	212	87	312	312	310	309	309	310	311	85	84	146	84	84	85	89	363	259	259	360	364	365	130	204	128	126	205	213	126	213	213	214	362	211	242	241	241	242	377	378	378	378	370	369	368	247	248	286	285	372	371	288	368	368	369	366	214	366	368	212	214	213	333	332	216	216	334	220	218	331	92	93	287	285	284	288	321	319	320	323	132	135	87	328	311	310	311	312	320	322	292	293	321	322	325	326	326	321	194	368	328	381	381	379	383	371	314	371	
321	76	70	68	70	78	72	77	76	76	77	323	323	371	77	79	78	77	81	81	79	82	83	215	215	311	312	310	144	312	313	90	83	84	365	90	91	92	260	259	365	259	260	204	362	127	128	268	123	125	214	214	212	361	212	244	245	377	379	364	377	376	370	249	248	246	249	287	130	372	372	374	370	365	367	367	214	213	218	216	214	212	210	211	215	215	219	148	149	150	393	94	284	285	286	307	320	321	320	321	322	323	324	173	172	175	310	313	319	291	321	325	294	316	316	325	327	370	369	329	382	345	382	381	380	379	313	314	
320	321	319	77	76	76	77	78	73	75	371	72	370	324	80	79	80	81	78	78	84	98	83	84	216	101	311	312	311	313	89	89	87	369	369	368	365	366	261	260	258	259	258	261	128	267	267	126	366	275	274	275	362	213	274	276	277	246	363	244	370	371	372	245	371	373	247	243	243	244	373	365	364	287	368	368	215	217	215	132	215	215	209	209	300	221	220	147	152	153	396	307	285	284	95	306	322	319	324	318	324	355	172	172	174	171	174	314	323	322	324	293	294	327	315	326	327	371	370	319	150	346	383	381	147	312	373	314	
320	320	318	317	79	77	76	74	372	371	370	71	368	369	325	79	79	83	79	79	77	85	97	98	217	100	310	314	314	90	88	368	367	370	369	366	259	367	257	262	259	257	364	364	262	266	127	269	363	364	371	375	274	374	277	368	369	379	245	244	243	372	372	373	246	372	241	244	243	369	245	371	372	369	369	369	129	132	131	133	216	210	210	211	220	221	147	148	393	151	395	283	146	143	307	307	318	318	325	325	355	289	354	355	173	87	172	172	323	323	324	325	326	327	328	134	133	327	328	174	148	149	150	149	150	147	149	148	
322	321	317	319	78	78	75	71	72	372	74	72	370	367	368	78	74	75	82	78	87	112	113	114	97	98	99	133	314	89	90	91	132	368	258	257	258	92	259	258	258	258	365	363	270	210	267	270	364	364	371	372	134	376	368	366	376	366	245	375	373	242	373	375	248	373	246	244	245	355	370	371	355	364	370	366	368	369	370	132	134	223	224	211	219	149	396	394	149	394	145	145	146	147	148	290	317	319	273	356	354	355	293	292	293	292	173	173	290	324	324	291	290	291	216	329	134	135	133	329	147	149	150	151	151	149	150	149	
321	322	318	316	317	315	318	318	72	73	368	75	73	74	75	81	75	75	79	83	94	95	113	376	115	130	89	89	132	134	310	131	133	133	310	257	257	256	260	258	259	253	364	364	269	268	267	266	366	365	372	133	373	375	367	368	375	367	368	244	376	378	374	249	249	249	243	245	356	371	356	356	370	367	371	370	369	370	214	220	218	219	212	217	217	217	148	395	150	151	144	145	148	144	145	289	291	274	275	357	355	358	293	292	293	322	323	352	290	289	290	291	292	293	217	215	136	136	176	148	149	148	150	150	148	152	149	148	
323	323	319	315	317	319	77	317	71	259	258	74	72	71	71	81	80	81	81	101	94	95	258	259	375	89	88	90	90	311	133	309	308	309	309	310	258	258	196	260	261	260	253	268	267	267	269	268	267	366	137	138	370	372	367	366	375	374	369	369	246	245	165	164	247	247	250	357	369	370	355	356	249	253	368	249	367	365	366	215	216	220	213	216	218	216	152	148	151	152	146	149	145	272	146	292	292	358	275	356	357	354	296	295	290	322	287	353	351	291	360	361	362	293	218	137	137	311	312	313	173	149	149	147	151	148	149	149	
323	322	316	318	320	329	77	76	260	259	372	260	72	70	70	263	80	80	80	100	94	257	260	259	375	376	91	91	91	90	134	311	93	310	310	259	257	197	256	195	369	195	253	252	267	266	268	267	137	194	137	138	139	374	373	374	377	379	378	377	373	365	367	368	246	247	246	360	359	370	276	248	248	252	250	368	248	366	366	371	371	221	220	220	217	217	152	149	151	152	150	146	150	146	294	359	358	276	276	355	300	358	296	290	291	291	346	354	291	359	291	363	364	363	308	217	139	138	315	315	314	315	148	179	180	148	147	148	
324	317	319	329	329	328	329	78	259	258	260	264	265	72	73	262	262	81	79	101	102	377	376	375	99	98	99	100	89	135	89	92	310	311	307	259	257	257	261	368	194	193	253	254	253	269	379	374	193	192	193	138	375	192	375	375	371	376	378	374	372	374	368	369	377	375	368	358	359	360	276	275	165	360	369	371	247	370	371	368	370	371	370	221	373	218	220	151	152	309	134	309	147	121	292	293	320	359	360	301	302	299	297	366	367	349	348	292	293	292	358	133	216	307	213	140	140	314	120	316	157	149	149	181	163	149	148	148	
323	314	318	328	330	329	330	258	327	264	263	261	265	264	263	261	78	199	102	85	377	101	378	100	99	100	101	101	298	299	90	302	312	308	309	259	257	260	197	195	369	370	194	193	194	187	270	378	375	376	377	192	193	191	197	373	372	370	363	362	376	361	376	168	169	376	376	377	359	360	358	165	166	167	166	368	372	370	372	367	371	372	371	372	220	219	220	264	265	267	308	309	310	311	120	319	270	321	121	296	295	296	365	291	367	103	103	353	132	360	359	133	132	217	306	214	211	315	142	317	141	156	184	162	150	161	149	180	
310	315	315	331	330	331	331	328	329	260	262	266	263	82	82	77	262	200	84	376	375	268	270	380	101	124	100	101	298	305	303	302	301	310	309	258	261	259	196	196	370	194	194	194	196	197	188	378	188	190	193	194	193	194	192	196	195	376	378	361	363	362	363	168	167	177	182	183	179	361	359	360	168	165	360	367	369	369	368	373	368	372	265	262	261	262	140	138	267	266	308	315	314	361	121	271	123	319	322	296	105	366	365	366	298	298	102	102	132	131	134	131	132	131	215	215	215	215	142	141	136	136	185	183	184	149	148	181	
315	330	332	333	330	331	327	262	261	261	263	83	82	81	83	263	260	197	196	264	267	269	127	379	128	299	300	307	137	136	305	302	262	304	305	261	262	262	262	264	372	373	370	194	195	190	191	189	189	191	382	144	196	367	193	364	365	377	379	364	375	376	364	364	169	182	181	182	184	360	362	167	167	372	371	366	320	369	370	373	370	366	264	262	142	265	267	139	139	310	309	315	314	313	360	358	316	318	121	294	295	104	367	368	364	108	165	108	355	163	135	136	130	292	216	217	213	214	215	158	140	135	143	142	181	183	150	182	
331	315	312	332	324	328	329	325	262	264	82	84	82	82	264	72	198	195	265	266	268	269	126	132	130	97	298	299	308	307	306	263	303	306	307	264	264	264	265	265	373	366	253	369	190	189	189	190	191	383	381	143	143	366	367	366	366	367	362	374	375	381	363	365	366	182	183	183	185	184	361	362	166	167	368	368	367	321	374	371	367	320	316	264	140	139	147	141	147	140	310	307	314	315	324	315	119	117	118	295	366	365	103	106	107	164	107	108	162	356	105	106	131	129	128	129	214	214	301	136	141	141	158	158	180	184	179	179	
268	332	316	269	314	323	268	334	277	265	83	82	88	89	83	71	196	196	262	266	267	125	131	130	131	96	98	131	309	298	310	305	306	305	308	265	263	263	182	266	368	367	367	159	158	189	348	191	192	384	183	142	143	367	371	370	367	367	170	167	167	382	364	170	171	181	182	259	184	183	183	276	368	367	368	368	370	321	368	369	314	319	317	303	303	143	142	146	357	358	359	356	308	120	119	314	118	317	318	361	362	365	104	110	162	103	163	162	161	106	357	132	165	128	299	215	216	215	302	303	137	323	157	322	322	180	178	179	
273	267	268	269	314	267	273	274	334	84	268	270	87	86	73	84	314	263	196	196	196	130	126	130	95	132	97	310	308	299	95	309	306	307	304	264	265	180	181	250	370	156	157	369	157	188	192	347	342	385	383	184	141	144	374	303	304	288	290	169	166	365	381	171	169	183	184	365	364	184	182	184	175	368	367	369	367	321	322	319	317	302	302	302	144	141	140	141	358	358	359	352	117	116	118	124	123	321	323	366	365	105	109	105	161	160	102	162	165	107	109	107	108	109	129	130	159	217	154	156	157	323	322	316	321	323	181	179	
271	272	325	324	268	274	274	276	334	85	281	318	85	86	197	85	264	197	196	195	265	197	198	129	302	97	302	96	309	300	96	161	152	307	308	183	181	183	249	370	160	156	159	158	371	193	193	348	343	377	189	140	142	141	142	375	302	290	169	292	291	246	382	246	259	260	261	262	169	170	371	183	365	374	364	368	368	371	320	318	303	302	301	139	145	141	142	142	143	313	317	316	142	118	121	125	125	126	322	321	322	110	368	162	104	103	159	159	106	108	109	110	111	130	130	158	92	156	218	157	160	140	317	321	320	320	322	323	
273	272	269	317	267	317	275	278	275	280	278	317	315	315	280	198	200	256	196	197	196	266	267	269	129	96	97	96	126	160	156	161	308	158	309	310	182	183	159	159	369	160	369	160	377	372	342	375	375	376	141	139	140	143	376	305	304	303	168	169	293	246	245	244	244	245	260	262	261	170	171	172	374	373	365	368	372	314	301	319	303	302	141	142	140	372	141	113	112	141	315	316	119	141	126	124	125	126	320	124	109	111	109	163	97	162	158	167	110	109	109	107	109	358	134	134	92	91	158	161	157	318	159	321	322	319	321	324	
328	270	331	268	269	318	269	274	276	279	279	316	279	314	90	198	199	199	198	198	200	267	268	132	133	130	126	125	159	127	160	155	156	157	179	183	248	183	185	160	372	375	161	377	191	376	372	374	376	299	298	142	140	302	303	371	371	169	368	170	171	292	247	246	245	371	172	263	262	171	82	170	173	370	371	374	311	313	320	312	320	303	141	144	372	371	144	111	113	111	112	317	142	141	143	126	119	123	119	364	296	294	109	108	98	161	161	159	106	106	106	106	106	135	359	106	90	158	92	91	158	158	156	157	322	321	325	320	
269	329	269	330	276	319	320	273	275	267	280	280	317	91	198	91	200	200	198	191	199	198	133	197	96	129	130	124	162	160	160	155	156	158	156	157	184	184	185	186	192	374	378	347	376	377	373	238	302	372	299	299	303	301	304	356	370	370	293	294	294	296	285	170	372	374	173	172	173	81	81	91	171	370	371	373	312	314	110	192	313	111	108	143	145	261	145	114	108	107	146	318	143	142	144	144	122	118	119	365	295	295	110	109	110	299	300	109	109	105	107	106	92	105	360	105	107	157	159	90	90	157	155	158	320	323	319	320	
270	329	270	276	276	277	320	273	276	276	277	281	263	316	199	200	206	205	206	199	198	197	198	130	130	129	130	161	160	162	163	162	304	157	158	256	157	158	155	254	190	190	348	346	346	190	237	376	377	301	300	345	302	303	305	357	371	187	292	293	294	292	290	284	373	374	288	289	174	171	80	89	371	92	371	95	190	111	110	111	110	261	112	309	260	260	148	147	148	149	108	145	358	359	143	129	129	119	120	121	294	109	297	296	297	111	299	108	107	108	106	92	92	91	92	157	363	368	158	90	158	90	158	159	319	321	317	320	
271	269	275	271	277	321	259	271	269	271	282	265	264	265	268	201	201	204	203	193	194	199	198	130	129	130	132	161	134	164	164	163	303	166	167	156	158	154	190	189	192	193	189	191	189	191	236	237	191	191	350	350	344	303	352	356	185	186	294	295	291	261	285	289	288	286	287	155	149	150	173	174	93	93	171	172	191	314	194	307	110	190	192	259	308	261	263	108	225	109	257	107	357	125	130	128	299	130	292	118	294	293	112	379	377	204	109	110	108	109	104	105	91	96	93	94	370	367	136	91	92	84	90	192	317	192	194	318	
270	270	270	274	273	275	272	260	270	270	261	261	261	267	209	269	211	202	211	260	259	260	261	132	129	130	131	133	133	182	164	166	165	166	181	162	256	190	188	189	193	193	194	190	191	190	235	236	192	379	349	348	352	351	145	145	186	182	181	184	265	262	266	267	290	287	154	149	79	150	85	151	85	94	173	170	171	193	190	189	192	191	194	309	310	312	262	263	116	256	257	261	108	126	145	127	297	298	299	291	292	294	380	378	203	376	108	111	106	107	164	163	106	96	95	369	368	137	134	135	85	91	88	192	191	192	192	193	
197	197	195	274	274	261	259	261	261	271	262	262	268	321	266	270	203	210	208	212	258	202	260	131	130	131	133	175	134	136	181	166	164	166	167	257	191	191	189	154	185	188	187	189	190	239	240	191	191	347	348	188	189	351	350	349	186	185	185	183	263	264	263	289	288	155	288	152	148	78	354	86	95	171	171	172	192	194	191	193	189	190	195	193	192	109	264	263	117	117	262	260	260	206	203	201	296	298	298	292	292	211	212	204	376	377	116	112	117	105	107	164	356	94	96	368	188	187	136	86	371	135	87	89	194	195	191	192	
198	196	195	196	273	260	260	261	272	273	265	263	265	320	205	204	204	204	207	208	201	305	306	135	177	178	136	135	135	135	167	173	165	167	191	177	190	189	195	190	153	150	190	160	239	191	190	235	236	186	187	188	352	351	352	350	129	130	133	264	264	266	265	266	152	274	152	153	154	353	79	173	151	352	153	354	355	194	194	190	189	188	191	196	193	196	112	113	115	116	117	261	207	208	202	204	299	112	111	386	205	210	203	111	112	113	117	118	116	118	108	110	357	98	97	358	188	92	188	135	370	100	136	195	196	192	196	197	
195	198	197	196	261	265	264	261	262	273	263	262	267	319	318	216	212	214	206	202	200	303	305	134	178	185	137	134	183	184	136	174	172	166	176	177	178	191	196	194	195	152	153	161	239	238	239	235	240	188	189	188	204	353	353	353	354	132	130	184	265	182	272	272	273	151	154	150	149	80	151	152	351	152	226	356	353	229	193	194	193	194	197	199	195	257	197	118	115	260	256	208	297	258	203	203	300	110	109	112	209	204	202	110	114	111	112	113	119	352	351	356	353	370	355	189	190	188	188	100	99	101	372	197	197	197	197	201	
196	198	199	266	265	264	273	263	261	264	200	263	200	319	218	217	218	207	203	201	201	306	133	179	186	187	180	184	182	181	137	181	180	175	177	177	177	179	196	195	194	163	160	196	197	240	241	240	239	203	202	203	189	188	354	354	133	132	181	181	183	184	271	273	273	272	155	151	150	151	152	174	352	352	224	354	357	358	359	193	194	196	196	198	258	196	258	114	259	256	255	292	259	295	204	300	204	204	205	108	203	204	111	111	113	114	116	120	118	118	119	355	356	369	190	189	189	187	101	100	191	121	198	101	196	199	200	197	
195	200	201	259	266	264	271	273	262	263	263	199	319	199	218	210	208	198	199	202	307	309	305	185	186	181	182	183	182	183	182	182	181	177	176	179	179	179	194	195	162	162	194	197	199	242	241	240	241	203	204	205	188	212	212	128	355	133	181	180	183	276	153	272	273	156	154	156	351	151	354	353	223	230	226	228	358	358	198	363	363	195	198	197	259	197	259	259	260	256	259	258	256	294	294	301	302	303	109	204	205	185	113	112	113	115	118	119	210	359	357	356	354	355	371	190	191	190	101	123	122	102	102	100	195	197	198	198	
194	265	265	264	265	275	266	272	264	198	264	199	198	200	211	209	207	197	199	306	198	308	306	180	179	178	182	180	181	183	184	184	183	184	176	178	178	178	195	172	161	194	169	169	213	212	242	242	242	205	204	211	189	211	211	197	200	134	181	348	153	275	275	187	359	153	357	357	358	352	352	353	158	229	231	228	227	197	198	362	364	197	196	250	196	195	254	261	260	261	262	255	298	295	258	257	304	257	205	180	205	176	113	112	210	116	210	211	211	356	358	353	353	95	363	192	192	192	191	118	124	101	101	92	103	104	200	199	
276	276	264	263	264	106	267	115	199	198	197	209	212	212	212	201	201	198	196	197	307	199	201	307	271	179	179	181	183	182	184	184	178	176	179	177	177	186	161	160	161	195	195	168	173	209	208	210	196	194	195	196	193	190	195	196	346	347	353	354	153	154	154	155	154	358	356	156	155	215	214	157	354	160	161	228	229	228	200	199	196	365	196	249	251	196	256	255	261	256	263	297	297	299	297	296	256	256	178	179	206	186	112	178	210	209	210	211	214	359	357	358	94	95	94	185	184	185	187	119	119	124	91	102	103	201	201	197	
198	275	265	265	264	107	110	200	200	198	201	209	211	213	201	200	203	197	197	196	274	199	308	308	269	270	271	272	183	185	182	185	175	177	178	178	185	187	162	161	164	163	170	171	172	165	206	209	197	208	191	210	191	196	126	252	197	345	342	151	148	148	156	153	156	156	158	156	157	216	156	355	159	217	169	229	171	170	230	199	196	195	196	248	249	250	257	262	265	266	255	256	251	294	298	299	255	255	257	188	176	177	178	177	211	212	398	211	214	360	359	357	94	93	185	184	185	186	186	186	125	92	93	90	202	196	198	199	
274	199	277	275	125	126	104	271	271	199	202	200	210	212	214	203	202	196	197	273	274	273	77	78	118	270	83	80	273	184	183	184	174	179	180	176	186	164	163	162	162	164	172	175	164	211	198	210	212	209	209	122	121	192	253	126	141	345	152	147	156	147	156	155	155	313	313	158	313	219	217	160	218	219	218	170	170	168	231	199	200	197	311	249	250	251	312	265	64	256	256	259	251	295	297	255	254	303	301	177	189	177	178	178	396	397	398	365	212	215	356	357	358	359	96	185	186	188	190	189	192	191	89	203	93	93	192	200	
274	276	273	124	276	271	270	105	272	202	200	201	209	209	213	209	215	209	273	273	272	79	79	117	119	80	271	82	183	184	184	178	175	175	179	178	165	251	164	342	162	163	162	214	174	211	212	214	211	211	212	252	123	130	193	126	128	140	344	148	148	155	157	149	123	155	312	312	220	220	219	219	359	219	201	198	167	201	200	300	309	312	250	312	310	311	266	265	258	63	65	258	252	169	254	254	179	302	362	190	363	304	362	363	395	399	364	363	362	361	360	366	367	93	356	354	186	121	186	188	192	201	192	190	94	94	195	193	
277	278	279	274	119	104	104	271	97	96	201	202	210	208	206	216	208	276	278	274	274	78	79	80	77	79	80	81	70	70	185	186	188	176	182	180	182	183	250	251	341	215	212	213	177	175	210	344	213	252	253	194	128	126	129	262	140	139	149	149	122	128	123	122	154	153	312	311	222	221	307	360	159	358	200	199	201	170	200	201	299	298	313	312	312	313	258	257	64	62	64	258	168	170	175	253	303	258	257	363	365	363	305	291	364	396	365	363	363	361	367	365	352	96	355	187	123	120	195	193	122	123	191	100	95	94	196	194	
277	121	203	121	122	105	103	272	100	99	96	203	211	295	208	297	296	276	275	277	279	281	80	117	79	80	81	81	69	69	70	109	108	184	178	181	184	186	251	252	201	203	214	211	176	211	343	344	254	253	254	255	127	127	253	261	261	157	140	142	121	121	124	155	314	315	312	313	221	223	222	158	361	310	203	168	169	201	171	199	202	314	297	313	311	312	69	65	65	75	259	171	170	184	185	180	304	305	258	366	366	366	364	290	360	176	175	362	364	179	368	364	97	363	356	124	122	123	192	194	123	201	203	95	99	95	95	197	
279	278	120	119	106	273	122	274	99	272	97	204	296	212	294	296	297	296	276	276	280	280	120	119	84	66	66	82	68	71	68	107	110	186	176	177	185	185	242	200	340	340	341	177	212	213	341	342	343	254	253	254	128	254	254	254	351	351	141	131	131	129	128	315	318	319	313	316	311	305	307	161	309	163	204	202	170	172	202	204	200	298	294	296	313	314	315	316	69	74	72	169	183	185	179	179	174	305	259	365	366	173	291	294	166	369	177	174	175	178	363	364	360	363	366	358	123	193	350	356	202	202	94	97	97	94	96	97	
117	118	279	122	118	123	123	121	273	96	109	98	297	112	295	298	295	297	281	301	280	116	82	85	85	85	67	68	68	72	69	93	106	186	185	179	245	241	243	243	341	339	338	337	213	341	343	127	343	211	254	340	251	252	258	261	255	350	352	132	130	129	129	319	318	313	317	313	312	311	167	308	162	205	170	171	203	200	199	370	204	201	295	371	297	298	369	75	74	74	181	73	182	180	178	179	180	175	260	169	167	172	292	292	167	369	176	175	176	364	180	359	360	361	365	358	194	357	355	351	352	100	95	95	96	95	98	96	
118	120	119	280	119	124	118	119	97	105	200	107	109	108	111	112	298	298	299	280	117	115	184	120	118	86	68	66	69	69	73	74	182	186	186	181	244	244	242	244	339	340	338	341	342	123	342	343	126	125	211	340	339	258	257	260	351	264	349	351	130	130	130	169	312	311	312	312	170	170	166	164	170	167	170	172	204	373	200	372	205	368	372	298	370	299	299	77	72	73	319	180	183	181	180	180	303	260	170	168	169	171	174	293	359	360	360	175	176	179	178	364	362	361	358	357	359	360	356	103	102	101	104	96	98	95	94	96	
281	121	282	281	283	119	120	119	120	98	199	200	111	112	111	203	296	297	353	281	184	185	91	184	88	239	239	239	69	93	94	182	75	182	185	245	235	237	243	184	245	341	341	341	343	343	343	343	344	127	135	341	340	342	260	261	260	350	352	350	259	131	168	169	310	319	169	171	172	169	167	170	171	170	230	231	232	372	373	371	371	371	368	369	372	300	372	372	76	74	182	75	180	181	183	182	169	168	176	171	175	176	173	173	174	359	360	361	179	178	365	367	365	161	358	164	166	357	357	358	107	105	106	105	97	98	97	98	
122	122	120	120	282	120	119	105	104	110	201	198	229	110	111	297	355	354	353	354	282	183	90	87	88	238	238	68	238	91	92	114	182	183	185	236	186	236	241	340	341	186	342	341	342	343	126	344	129	136	131	134	253	341	341	261	259	261	171	262	351	169	171	171	172	167	312	168	167	170	169	168	169	231	228	229	315	313	374	370	372	374	370	371	372	371	372	77	79	75	74	181	299	184	184	182	183	175	172	170	174	172	174	303	360	175	180	373	371	364	179	366	200	196	197	165	167	359	358	280	358	106	105	106	98	105	98	98	
120	108	123	124	119	117	119	200	200	200	231	230	228	228	112	105	359	353	354	353	240	238	239	89	239	239	237	238	239	240	115	91	245	241	244	186	237	238	240	243	241	343	344	343	343	343	125	126	131	130	131	340	135	342	341	260	262	260	172	172	173	170	170	359	358	357	358	170	169	168	225	169	169	170	230	230	230	314	314	315	314	373	372	370	372	77	76	77	78	76	74	73	185	186	187	186	176	182	175	174	176	177	388	178	304	361	174	181	182	365	182	201	199	198	198	172	226	168	281	279	281	279	98	97	106	104	103	105	
121	122	112	122	112	198	118	119	200	201	108	231	227	228	107	106	106	358	352	353	354	240	239	90	90	236	233	238	114	114	114	234	242	244	243	238	303	238	241	340	242	342	199	199	344	345	128	126	131	128	337	340	339	342	343	333	263	260	261	178	169	170	171	171	358	313	321	359	319	374	225	226	226	371	231	172	231	313	316	317	374	371	372	371	372	77	79	369	76	77	79	79	74	186	185	175	176	179	176	175	177	299	387	388	389	177	176	181	177	183	203	368	369	171	171	172	225	227	280	281	280	280	282	283	104	103	103	104	
125	125	112	111	104	119	199	119	116	109	107	107	231	232	231	177	356	353	360	355	354	355	240	354	91	235	239	113	233	115	113	114	235	275	239	271	307	306	238	195	194	195	343	197	196	129	127	127	127	211	333	318	331	343	334	335	261	264	178	177	176	178	170	357	314	322	321	320	360	320	361	225	225	372	321	173	372	373	373	369	312	314	374	372	373	373	78	77	374	81	80	74	78	75	66	184	185	180	176	180	303	388	387	386	176	176	174	180	176	180	202	200	171	170	171	173	166	226	163	281	281	285	286	282	283	102	105	106	
125	124	117	113	119	105	198	120	117	117	118	106	108	177	178	178	179	354	354	357	242	352	352	353	241	238	237	235	238	239	240	113	112	236	237	270	271	307	309	300	300	196	197	129	128	127	130	128	211	210	212	332	332	333	331	334	237	178	177	177	176	177	357	359	354	313	321	325	327	360	360	362	321	320	319	320	372	371	372	366	374	373	373	374	371	374	175	371	373	81	81	170	299	65	76	185	198	182	181	302	389	302	388	391	392	391	175	181	178	181	180	203	171	172	171	170	171	161	162	163	164	282	282	287	101	211	103	104	
125	111	116	116	114	115	106	121	117	116	107	109	110	180	179	177	226	360	359	358	229	243	357	354	239	240	364	364	365	239	240	367	114	272	274	271	308	308	308	195	196	195	195	204	197	128	207	323	323	215	211	213	322	331	332	236	333	334	334	177	317	317	178	355	358	314	324	317	326	328	359	320	321	321	101	101	373	372	375	373	375	369	173	382	175	176	176	372	372	374	169	168	171	67	67	199	198	198	200	201	186	303	390	389	390	391	182	179	293	180	188	189	294	293	294	295	164	160	162	283	165	165	284	102	284	104	217	106	
111	110	117	202	115	110	109	106	104	118	117	106	233	180	233	176	227	225	361	223	362	244	355	355	238	239	240	363	364	364	361	364	275	364	273	311	273	309	81	371	194	193	205	203	198	129	207	206	322	210	213	212	328	321	333	333	334	333	334	335	316	179	356	357	359	323	326	325	318	319	318	322	321	104	240	241	368	373	238	376	377	370	370	381	368	79	373	374	373	375	169	167	174	66	69	385	69	199	202	201	391	387	390	391	183	182	225	188	294	189	188	292	293	295	164	163	164	159	100	103	99	99	219	213	211	216	105	107	
111	112	109	203	203	116	109	105	107	100	100	102	178	232	176	388	226	372	371	372	364	365	379	362	239	240	241	241	361	360	363	367	363	274	274	272	310	274	82	370	195	194	196	197	198	206	207	208	321	208	211	318	319	320	334	332	238	335	338	333	336	379	323	380	358	322	323	324	320	317	318	102	103	99	104	239	240	239	239	237	374	374	371	77	173	174	80	172	171	171	170	168	168	173	200	206	198	197	208	187	388	390	388	389	189	226	186	187	188	189	188	189	285	165	165	165	160	101	187	188	100	99	214	218	184	217	184	104	
107	105	111	112	111	117	110	110	106	99	100	101	231	177	387	384	385	372	370	371	382	374	378	361	357	372	242	242	364	381	370	366	364	275	77	78	275	125	367	366	366	196	197	144	206	207	206	322	323	320	321	212	330	321	67	335	234	235	339	337	334	378	379	359	323	322	323	324	362	363	318	103	104	105	103	105	238	240	238	239	376	375	238	376	377	172	171	169	170	169	169	167	168	174	172	173	205	207	206	207	188	389	203	188	192	187	190	187	187	189	295	286	293	164	166	164	187	186	101	100	101	100	101	105	185	182	108	107	
108	109	117	112	112	111	111	104	103	354	101	231	354	352	353	383	385	386	376	382	381	380	373	358	373	244	243	244	370	365	365	369	364	82	367	78	128	274	368	368	367	197	143	144	139	141	143	321	322	59	59	322	330	329	68	66	236	235	340	330	337	335	380	324	328	323	327	386	325	103	102	97	96	241	240	240	239	239	240	238	377	237	178	375	181	177	81	172	170	169	168	169	175	171	174	202	208	206	206	189	208	207	202	204	191	189	197	188	189	188	296	296	287	167	167	187	187	186	102	100	99	100	103	102	104	184	183	109	
110	111	110	354	117	112	355	375	375	375	377	378	379	354	386	384	379	378	375	379	380	381	378	376	245	374	368	369	370	371	358	360	370	81	80	367	130	129	369	368	198	133	145	143	145	142	142	208	323	59	323	323	65	66	67	67	237	335	329	336	338	238	374	375	325	325	326	329	385	389	102	103	392	100	240	240	96	98	237	234	240	238	238	177	180	176	175	383	383	169	170	170	171	170	203	207	205	207	205	206	209	206	203	203	205	91	92	196	187	191	289	290	289	288	187	186	299	188	193	100	101	100	101	102	102	105	184	107	
110	109	109	353	353	355	354	356	374	376	375	378	379	380	385	386	379	378	376	377	378	376	375	376	373	374	381	369	368	371	361	371	82	83	363	81	130	368	370	370	132	199	146	275	209	211	205	207	205	209	210	66	68	67	69	68	68	334	335	234	337	373	372	373	374	327	327	388	384	103	388	389	99	391	233	95	99	94	238	175	176	240	239	173	227	174	175	173	170	384	170	171	170	204	183	204	205	78	200	78	205	202	79	204	205	195	93	93	188	192	188	167	168	174	299	298	300	194	272	272	190	275	102	182	104	106	176	107	
362	362	356	354	354	356	357	355	357	379	374	380	381	380	386	385	388	388	382	378	377	378	377	388	383	382	368	366	365	366	368	367	366	367	364	373	374	367	137	137	135	273	274	136	213	210	206	207	208	204	206	206	207	283	241	285	69	333	237	237	338	371	374	375	383	386	328	325	387	385	387	108	392	109	98	100	90	90	93	175	177	176	223	224	226	227	173	172	197	385	169	171	182	181	182	82	203	208	201	206	202	203	80	78	205	204	186	188	187	169	168	169	176	175	298	175	272	271	271	272	192	191	183	108	270	105	106	109	
361	361	361	357	355	355	356	356	373	375	374	382	378	376	386	386	234	381	387	378	378	383	385	376	387	383	383	376	364	365	369	369	368	364	365	372	368	372	136	136	132	136	274	211	212	212	158	205	209	210	68	207	211	240	334	335	332	334	237	236	237	377	373	388	387	393	329	391	390	389	109	388	107	108	235	237	238	93	94	93	96	175	174	229	229	212	226	173	174	175	183	183	172	182	182	81	202	202	203	204	207	201	79	206	79	79	191	185	188	80	169	169	185	174	317	273	175	316	272	271	273	277	109	107	106	106	108	179	
362	360	371	356	357	121	375	374	377	373	372	379	380	377	228	232	233	234	380	379	382	383	384	385	381	389	384	375	365	364	365	366	370	368	368	280	371	280	373	133	133	271	212	272	212	161	159	290	210	204	67	68	208	210	211	333	215	333	76	77	376	374	374	389	376	393	392	390	392	389	388	106	105	236	236	381	95	93	92	93	229	230	230	228	230	225	227	174	176	179	182	183	184	183	188	82	82	187	203	208	205	206	80	79	214	189	190	190	186	81	313	312	315	318	317	174	317	317	271	274	277	278	278	277	270	183	107	109	
371	372	361	362	122	358	372	376	376	377	373	375	357	377	228	227	233	229	392	391	229	381	384	391	392	385	381	364	366	370	366	366	367	363	367	372	281	372	272	273	272	270	281	271	272	273	160	161	290	291	205	251	69	242	243	214	334	141	76	75	376	375	375	382	375	389	393	190	391	148	389	390	99	100	237	381	96	94	97	228	229	229	229	231	229	225	226	214	180	181	182	183	185	185	186	187	185	186	81	188	207	206	206	205	215	213	79	309	315	82	190	316	316	176	175	176	95	93	281	273	280	276	276	277	278	269	182	281	
373	362	358	359	357	356	128	357	355	377	378	376	356	377	378	227	234	228	228	228	382	383	382	359	386	393	365	367	368	369	371	364	362	365	367	368	282	366	286	280	273	273	272	274	273	274	274	291	205	289	288	250	79	68	213	139	140	142	376	375	373	377	381	186	383	384	189	390	392	392	147	98	99	107	101	102	382	95	96	98	116	100	232	233	226	226	227	213	183	181	181	182	186	185	182	186	83	189	188	189	264	207	205	306	206	216	310	311	315	202	189	315	315	176	177	176	94	93	281	282	280	279	275	275	280	279	280	183	
381	359	382	360	360	127	130	129	130	356	378	382	357	378	379	380	235	224	227	229	268	384	266	384	358	394	363	368	366	370	369	370	363	366	369	368	286	285	279	285	274	272	273	274	283	275	275	292	206	289	240	289	146	78	69	70	78	79	379	379	380	377	178	179	180	384	377	392	391	392	148	100	99	108	122	103	98	95	97	390	115	101	99	227	217	227	228	293	183	182	291	183	184	294	182	183	188	189	190	217	266	265	209	305	307	79	83	84	201	87	189	316	317	97	94	95	91	279	280	282	283	275	277	276	281	190	189	184	
359	359	358	361	358	129	128	129	386	383	357	381	378	379	381	382	382	381	228	226	267	265	385	267	365	364	363	362	369	367	370	364	366	373	370	371	369	285	284	285	286	273	281	282	284	277	276	276	247	246	290	239	214	145	77	139	79	79	80	379	381	377	191	380	384	376	377	179	391	148	147	386	99	121	120	108	104	97	96	386	387	98	102	217	218	293	292	293	292	293	292	185	295	292	293	190	192	188	218	267	266	311	312	311	212	308	264	202	86	86	317	320	191	96	90	95	93	92	273	282	284	275	276	281	282	275	276	191	
358	357	362	359	374	130	131	386	385	377	383	382	382	378	380	379	380	381	229	229	227	268	268	366	266	370	372	371	363	369	369	370	365	372	372	372	280	286	285	286	284	283	285	282	289	286	247	247	277	240	211	140	242	242	144	142	140	146	144	379	380	378	192	383	178	378	180	180	392	392	384	386	385	121	122	384	107	105	96	110	388	119	218	120	291	219	292	293	216	293	186	187	225	319	318	188	191	192	189	219	185	186	312	313	263	263	268	81	83	85	191	183	319	175	176	96	93	92	266	283	275	283	280	269	108	187	189	190	
358	357	363	361	131	132	133	379	360	376	378	381	380	379	382	90	381	147	148	270	228	270	367	267	371	373	268	268	368	364	368	370	371	373	373	373	83	283	286	288	283	285	281	289	248	247	246	247	241	212	241	237	244	241	243	141	244	143	145	146	378	191	382	176	175	379	180	393	394	148	393	384	386	122	123	124	108	100	109	98	389	120	118	120	119	392	291	292	293	297	295	297	226	224	317	319	187	189	190	187	186	313	311	264	262	267	269	201	202	82	322	320	178	299	177	92	97	93	266	267	266	284	268	272	271	109	155	190	
358	367	360	364	363	379	378	134	375	361	379	380	378	381	381	87	148	147	87	271	269	368	269	268	367	268	267	268	368	369	369	367	374	372	374	374	282	282	287	280	285	285	285	290	290	289	248	241	248	242	242	244	245	243	242	142	143	145	146	176	192	180	181	180	181	179	176	226	395	148	224	225	387	385	228	227	229	109	99	110	99	115	311	392	391	392	293	296	294	294	296	297	318	320	320	189	190	190	191	188	314	264	263	268	93	93	92	91	83	265	320	321	177	299	300	98	98	78	268	267	270	110	273	270	272	154	108	154	
368	369	366	378	379	377	376	365	366	376	381	381	382	362	380	385	86	88	146	270	143	267	268	269	268	268	365	363	369	369	368	368	373	373	373	372	283	281	279	288	283	286	308	291	291	240	240	242	242	241	241	243	246	243	140	143	146	144	178	183	193	176	179	178	182	178	144	225	385	227	229	243	242	225	226	227	228	99	110	119	324	100	125	310	297	296	393	295	305	295	305	320	319	321	322	189	189	190	191	189	265	264	264	92	267	93	92	92	265	321	266	186	178	185	186	187	300	97	269	85	271	269	109	111	81	109	108	155	
370	368	370	371	369	370	369	365	364	363	364	365	362	361	362	87	384	87	89	145	89	91	266	90	268	267	363	364	364	79	369	369	68	373	83	82	83	82	80	280	284	285	308	292	241	241	239	240	244	242	242	242	244	244	245	146	147	148	182	145	178	176	179	183	179	181	228	145	224	228	230	242	241	242	230	229	229	323	314	324	122	121	124	298	122	298	296	297	296	304	305	319	305	190	191	189	188	187	188	188	192	191	192	266	95	94	96	95	93	186	185	187	186	186	187	301	301	302	98	81	270	271	110	80	81	110	107	108	
371	369	369	372	365	368	367	365	364	365	370	360	380	363	88	87	86	273	146	272	273	90	273	267	89	88	89	363	365	370	80	77	78	67	283	82	81	90	80	79	78	310	309	307	333	333	332	240	241	243	243	243	244	143	248	249	146	146	146	143	144	180	177	182	176	177	178	146	147	229	375	375	242	119	121	120	324	325	324	317	143	140	139	143	313	124	297	296	329	299	303	306	297	302	188	190	190	319	189	189	262	262	267	95	93	95	266	265	187	189	188	187	187	187	93	77	78	98	77	78	82	272	108	111	111	82	109	112	
370	368	367	372	369	364	366	364	366	367	361	369	381	379	89	381	382	112	272	271	272	271	272	274	124	90	133	364	84	79	80	83	80	68	290	71	68	80	81	79	80	91	310	308	334	333	330	331	244	242	251	249	248	247	142	145	145	147	142	145	146	178	181	183	183	177	181	181	227	227	376	374	122	374	120	325	120	327	314	316	144	142	142	143	314	125	126	298	328	399	305	296	298	317	190	318	318	319	320	323	319	261	93	94	96	271	264	263	188	325	190	96	93	92	78	80	97	79	77	79	79	116	117	110	83	84	114	113	
369	366	365	374	365	366	364	366	365	267	371	365	380	380	380	382	114	113	113	273	273	270	90	91	123	125	132	133	138	79	82	79	82	84	67	72	72	72	190	190	290	289	92	330	330	309	333	146	148	243	250	141	142	249	246	147	146	143	232	235	213	214	216	182	184	183	227	180	228	226	227	375	122	375	373	374	326	122	328	316	140	141	142	144	145	295	298	298	398	301	305	304	316	330	319	319	321	319	321	322	324	320	96	97	95	272	272	265	326	188	186	92	93	92	93	91	79	78	99	99	117	117	79	79	79	113	112	113	
370	380	378	366	374	375	365	265	267	266	263	366	381	263	264	381	110	272	277	274	275	274	123	122	135	135	132	84	139	83	78	84	83	69	131	73	71	133	189	92	92	289	336	93	329	332	145	147	149	244	242	243	143	245	247	145	144	145	149	150	234	233	215	238	184	184	226	227	228	227	377	124	373	374	237	238	373	121	317	314	315	316	140	141	247	296	296	396	328	329	327	301	317	331	329	331	332	275	276	274	320	325	95	96	97	328	327	332	333	191	188	93	94	93	92	90	80	92	91	98	100	81	83	78	107	114	110	113	
379	375	373	379	365	367	368	345	264	262	263	263	262	264	265	382	109	278	275	276	276	124	125	274	134	133	139	140	141	85	84	85	84	81	132	130	132	73	93	91	290	337	247	246	330	146	147	148	242	245	243	143	244	147	146	145	146	237	148	151	232	240	216	192	185	192	190	228	226	227	226	376	123	124	125	238	239	240	375	318	315	141	315	142	142	248	249	397	330	329	330	326	301	303	330	330	276	277	278	275	273	319	278	279	329	322	328	333	272	190	333	95	91	92	92	81	91	99	90	79	80	82	82	108	106	109	188	190	
374	376	372	372	352	366	344	263	264	263	262	322	264	264	266	110	264	110	275	278	273	274	275	126	139	138	134	135	141	83	86	87	85	135	131	131	66	67	92	93	337	336	337	189	331	189	148	149	241	246	248	148	142	147	147	146	238	239	237	234	241	233	193	241	191	189	191	188	188	240	239	227	124	126	126	127	240	376	375	376	140	142	146	317	249	248	398	328	331	326	325	302	327	302	320	331	276	275	277	276	323	277	320	264	323	323	325	278	276	333	334	92	94	91	266	92	92	100	98	78	77	76	87	114	112	107	190	189	
372	372	372	343	353	343	340	263	321	320	321	265	264	265	265	267	269	111	111	277	282	274	282	277	133	132	139	135	84	83	83	82	134	132	85	83	67	67	71	136	94	338	241	243	188	244	244	240	247	247	250	251	147	149	239	240	236	237	240	235	235	234	242	191	190	191	191	189	236	111	240	241	228	127	125	238	237	219	220	378	379	319	146	145	144	145	147	329	327	327	276	326	303	328	321	278	276	277	278	275	319	278	278	322	328	308	324	277	332	275	333	335	95	265	264	264	265	330	99	79	79	83	86	114	113	114	191	122	
371	372	373	354	344	341	344	193	347	346	266	265	260	269	266	269	268	268	285	277	281	283	280	281	134	133	133	134	136	133	82	85	133	135	136	72	71	133	68	338	336	336	242	244	245	245	224	250	248	249	146	146	241	240	239	149	237	236	241	236	96	95	97	218	190	191	192	192	112	235	112	239	240	126	126	235	216	217	218	219	320	140	146	318	317	146	146	328	278	328	277	276	321	318	321	322	281	277	319	273	276	111	110	329	307	325	311	332	278	276	93	335	336	309	310	265	266	78	80	78	80	118	84	87	125	123	122	121	
373	374	372	344	343	342	343	194	194	348	348	267	262	265	268	265	270	284	283	282	283	281	283	132	133	133	134	133	86	86	83	84	83	137	73	130	131	132	71	337	339	338	246	246	245	246	247	251	250	150	151	242	243	240	150	154	155	148	95	93	96	96	239	238	191	120	114	193	192	113	223	224	241	127	216	242	215	219	216	220	141	147	318	319	318	143	144	145	278	338	329	320	319	330	321	280	276	318	319	277	313	111	282	282	330	274	308	312	279	277	333	92	309	267	266	314	266	270	77	84	83	117	118	126	127	122	121	122	
375	375	352	374	354	354	352	347	195	351	349	349	266	263	260	269	269	266	283	283	284	284	135	134	136	136	131	130	87	85	87	129	84	130	133	85	131	133	133	338	338	133	247	247	134	226	153	253	326	326	325	150	144	144	154	153	154	156	94	91	94	244	97	239	241	192	194	115	114	115	215	222	223	242	240	241	300	244	216	220	142	141	316	317	143	322	144	279	146	340	339	321	320	320	321	320	321	277	283	320	114	114	281	283	275	319	320	321	281	279	311	309	313	310	313	314	265	269	114	115	118	116	117	127	121	123	123	118	
374	376	372	351	373	353	348	353	352	353	352	350	351	270	270	270	268	272	274	272	284	322	133	132	135	132	137	131	87	89	130	88	240	134	86	132	132	132	128	135	77	75	132	248	133	243	152	254	325	326	327	150	149	147	237	155	235	95	235	237	238	242	243	242	242	242	195	117	115	216	216	217	216	241	241	219	243	299	221	218	307	309	307	308	322	323	321	276	277	276	320	276	321	321	282	322	320	284	283	283	282	113	104	104	107	321	321	145	146	280	309	312	311	312	311	314	315	266	276	268	119	117	269	122	124	118	117	123	
354	355	354	352	353	355	354	355	354	357	355	270	269	270	306	309	308	273	271	321	323	321	133	269	133	133	133	275	134	88	90	89	239	135	133	131	133	133	143	134	76	74	249	243	242	328	151	151	152	326	149	94	95	146	148	150	151	234	237	236	237	96	244	243	243	119	116	196	116	217	215	221	218	214	215	242	218	222	213	219	215	308	309	323	323	322	323	275	316	276	190	322	322	322	284	278	321	321	284	284	283	105	103	285	286	322	304	302	144	147	311	308	312	308	315	268	315	276	275	117	269	270	129	129	125	119	122	124	
354	353	353	358	352	356	354	355	357	356	359	356	307	305	270	309	268	272	268	251	321	134	322	140	140	141	276	133	276	272	273	90	276	238	237	234	142	144	142	77	147	101	99	135	242	243	151	152	152	148	153	94	96	145	153	151	152	237	235	96	97	224	279	278	122	120	227	226	224	225	224	382	220	241	240	220	219	232	233	214	305	310	311	324	328	327	328	325	276	278	277	323	284	285	193	319	279	135	285	283	140	284	284	107	323	324	111	303	111	142	311	308	311	310	311	311	267	266	267	276	118	130	125	128	124	126	120	123	
355	350	352	359	354	355	355	353	356	358	359	358	353	306	271	269	73	70	253	70	250	254	258	138	139	277	260	256	79	266	267	275	276	239	240	241	235	146	145	146	133	76	100	329	328	329	227	153	151	152	149	96	95	152	152	152	238	154	97	97	156	225	285	284	121	280	281	282	225	226	226	382	222	221	244	239	233	234	233	234	311	310	311	317	328	329	328	327	188	192	192	189	320	133	318	192	137	138	141	138	139	138	283	139	137	322	110	110	320	304	312	141	142	84	83	142	141	143	144	128	129	126	128	126	126	130	131	125	
325	350	325	357	352	353	356	356	362	360	359	299	356	303	297	267	268	72	69	323	253	259	260	139	138	137	261	78	257	276	275	274	277	81	84	238	255	257	257	132	231	100	99	333	334	335	226	225	329	328	333	147	97	98	152	239	239	156	155	155	156	281	284	283	284	280	279	383	383	382	381	380	223	222	375	221	242	242	243	232	233	315	315	313	237	189	188	187	335	335	193	190	134	321	132	331	332	99	142	143	139	141	137	140	138	136	316	111	303	304	305	140	142	142	143	144	144	145	146	128	127	278	129	127	127	127	131	132	
321	324	351	354	354	355	354	355	357	356	360	301	298	300	304	304	305	269	73	254	324	321	322	256	257	140	267	272	258	78	275	275	80	83	130	237	254	256	258	258	237	236	235	236	335	336	337	331	332	332	329	327	99	153	154	151	154	155	157	156	191	192	284	281	371	280	230	230	382	382	383	382	238	239	240	374	237	241	242	233	232	237	314	314	236	334	334	188	334	192	190	194	130	131	132	327	330	143	285	286	141	330	138	138	139	317	316	315	316	306	141	306	312	314	141	144	143	142	143	282	308	279	339	338	337	340	130	340	
320	321	352	352	321	317	355	356	357	356	300	299	301	299	300	305	77	72	75	73	74	75	257	257	267	266	141	259	79	80	79	276	81	82	83	131	238	259	257	258	237	237	237	148	149	245	97	332	334	331	330	328	328	190	191	155	156	155	190	191	192	282	281	280	281	231	381	229	369	369	382	382	265	241	272	374	375	235	234	235	234	235	317	237	317	335	335	332	332	190	189	190	191	131	132	133	144	331	286	284	332	139	323	139	325	140	139	317	305	142	143	318	311	313	142	142	145	144	146	144	283	307	341	340	339	338	339	126	
321	321	319	322	320	317	316	356	357	355	301	300	301	302	83	78	79	76	73	72	71	261	266	265	268	83	84	83	267	268	266	80	246	245	260	258	260	260	261	259	238	236	149	329	147	246	144	99	98	99	330	331	191	231	192	195	196	190	189	190	191	283	281	228	280	281	382	370	382	368	265	370	264	272	271	371	375	376	377	236	234	233	236	316	239	336	332	333	333	333	190	189	189	287	132	190	330	145	328	288	286	330	289	324	141	141	142	141	314	330	314	315	317	312	143	146	146	148	145	147	131	130	263	307	350	339	125	352	
322	354	320	329	317	297	316	294	358	297	300	301	301	303	82	79	79	78	77	73	72	267	260	261	259	84	83	266	271	265	273	272	273	247	244	259	259	92	259	90	236	235	324	148	144	145	94	100	97	98	335	331	146	232	196	195	191	190	191	186	190	191	227	242	245	244	245	263	264	265	369	265	265	271	370	272	379	378	376	233	233	232	237	317	238	264	332	332	269	189	190	190	189	286	189	329	191	331	146	141	287	330	329	141	142	143	330	142	142	329	99	314	309	310	144	308	149	148	147	263	264	305	306	262	342	349	350	351	
330	353	328	329	316	296	321	301	302	301	303	79	302	301	83	83	76	300	301	78	260	261	262	260	260	260	260	84	264	266	272	271	265	264	243	90	261	260	91	92	237	88	237	149	144	143	144	101	148	245	336	140	332	145	231	197	196	191	191	192	168	169	196	242	246	246	245	264	371	372	266	368	372	371	271	269	379	379	377	235	101	233	237	237	104	191	263	268	270	334	285	284	190	287	190	330	197	332	287	288	199	289	331	330	329	143	143	330	143	143	98	315	307	308	307	146	307	147	149	262	263	265	261	340	341	341	352	351	
329	354	354	320	319	320	327	326	302	303	77	78	84	85	300	82	76	75	76	77	261	261	260	259	261	259	260	91	265	265	272	266	270	244	92	91	261	92	89	238	92	238	241	145	144	151	150	143	149	244	227	147	333	196	196	231	197	192	188	192	170	167	168	305	306	247	284	285	287	371	368	369	369	262	270	380	268	378	266	272	102	265	238	103	103	262	264	334	269	286	271	285	191	191	271	196	287	198	143	289	141	332	332	141	140	141	142	131	329	97	309	306	306	306	308	146	126	259	148	150	264	341	262	343	342	343	352	346	
355	355	327	320	319	326	327	377	301	304	75	79	83	301	81	77	76	77	75	74	73	262	82	261	261	261	269	90	91	169	328	274	245	245	240	241	92	93	91	92	93	93	239	145	143	148	152	150	142	232	226	196	195	197	232	233	193	163	235	196	195	169	170	303	305	307	282	288	372	369	370	371	370	271	271	264	272	273	268	271	272	103	102	265	266	265	336	335	335	336	286	272	287	288	270	286	138	137	138	142	333	327	142	140	134	135	133	141	98	100	307	307	307	309	307	308	258	125	260	265	261	342	354	263	344	345	345	354	
376	322	326	324	319	327	327	377	376	74	83	82	80	303	302	77	80	83	75	74	89	74	81	262	81	82	170	91	168	329	170	269	180	241	242	93	242	91	90	242	243	244	151	150	149	241	242	148	243	230	231	227	150	196	138	145	164	165	191	190	135	170	305	304	306	306	287	312	312	313	105	266	265	371	272	266	265	235	271	267	104	105	103	103	266	330	114	336	274	273	312	288	312	313	271	287	196	137	136	137	144	329	330	134	133	336	229	230	99	97	100	308	308	310	141	308	151	140	151	330	126	127	344	343	257	347	346	355	
326	321	326	327	256	71	328	74	73	74	298	81	82	304	302	82	81	83	84	89	88	80	93	82	82	328	329	330	167	169	168	276	172	173	94	243	182	242	185	91	67	67	152	69	151	152	149	148	231	231	151	353	149	138	137	233	146	235	132	163	162	135	306	306	305	288	307	269	314	313	314	267	266	265	235	234	237	234	270	271	105	104	104	110	110	113	113	117	337	312	310	313	314	270	320	322	146	197	138	138	330	334	329	140	140	335	337	99	227	228	98	99	100	234	100	140	152	139	329	330	124	125	128	343	342	258	345	347	
328	327	325	256	255	254	255	254	75	74	80	79	80	81	81	301	82	82	83	83	81	328	83	328	328	329	330	330	171	168	332	181	171	173	174	175	249	186	184	69	68	66	153	71	153	154	234	232	147	232	352	140	139	138	131	138	234	236	133	133	134	305	304	308	309	306	251	249	268	268	106	267	265	267	235	236	236	238	114	266	105	266	267	111	120	121	116	114	311	314	315	332	314	321	321	281	281	139	285	286	334	333	334	141	335	334	335	229	229	228	100	232	100	99	101	233	138	138	331	141	140	125	335	334	343	346	345	348	
329	326	324	256	255	256	253	325	377	77	80	81	81	171	80	81	302	81	85	86	86	86	331	332	329	330	331	331	332	331	170	180	172	172	252	176	248	65	72	72	66	154	69	72	70	155	145	307	148	233	306	151	138	137	132	139	199	237	304	134	136	133	304	303	317	318	252	269	269	267	269	105	104	105	235	236	238	237	115	267	119	267	273	274	275	122	122	117	315	313	315	326	319	323	320	282	140	286	284	314	312	313	215	334	335	307	230	231	230	230	231	233	232	99	100	139	135	136	137	125	139	124	125	335	131	344	349	344	
327	327	325	257	258	387	326	378	78	80	81	82	80	170	172	82	163	84	82	85	82	332	331	330	331	329	330	332	331	330	180	182	181	178	253	249	240	65	238	71	66	65	66	66	71	161	146	307	149	307	306	139	135	133	137	131	198	199	200	137	135	305	134	315	252	316	316	320	316	270	104	105	107	106	117	109	238	236	237	268	118	110	118	276	113	114	115	96	326	325	324	325	322	321	287	141	285	284	285	313	314	214	214	215	338	134	231	133	230	229	230	230	100	136	134	266	265	264	266	267	268	269	126	130	336	336	338	153	
328	326	201	201	386	257	379	79	170	82	200	198	171	169	173	173	83	164	86	86	82	331	330	331	331	348	331	332	328	182	181	182	181	251	252	241	66	65	64	239	67	359	360	355	72	161	160	159	157	156	307	127	358	130	136	138	142	170	138	169	135	140	139	316	317	317	317	320	319	107	106	214	213	107	118	108	267	239	125	238	125	109	111	112	114	97	95	325	328	327	327	324	323	324	105	288	287	288	310	310	315	213	215	215	102	337	133	131	142	228	229	101	137	223	135	135	232	267	266	266	130	264	263	127	131	337	152	350	
330	379	381	385	386	258	171	80	170	169	199	172	201	168	174	174	175	84	85	87	88	169	332	332	350	332	349	327	336	330	175	178	182	251	179	188	187	189	66	359	358	71	356	73	162	73	161	160	157	157	126	357	129	357	207	137	169	143	169	137	136	136	140	201	318	256	314	316	197	319	215	215	214	215	109	268	109	127	124	126	109	110	112	113	98	98	118	118	324	326	326	325	102	104	326	289	288	286	309	286	316	216	214	215	338	134	104	105	133	141	142	141	231	136	131	233	233	233	234	267	267	131	263	350	351	152	154	155	
198	380	382	197	197	195	199	195	198	171	170	169	170	200	194	162	167	83	82	168	167	168	333	351	350	349	333	350	338	176	337	97	177	252	181	180	190	188	241	69	70	70	165	164	161	160	161	158	160	159	158	127	205	206	358	199	170	142	141	205	199	203	204	319	316	255	316	198	196	198	216	191	216	216	269	110	269	124	115	115	113	112	111	117	116	119	333	117	329	323	327	216	103	103	221	220	289	287	288	288	221	219	214	213	214	105	224	221	140	140	141	141	142	229	130	130	234	132	141	140	139	262	153	152	151	155	129	130	
329	197	195	196	196	200	194	197	170	169	170	173	199	171	199	200	84	166	163	164	169	85	353	355	351	330	351	329	349	337	336	96	180	182	194	194	195	242	251	70	71	167	168	167	162	169	161	209	210	210	210	206	206	163	200	144	135	171	140	139	204	204	204	205	206	254	255	201	203	195	242	217	192	193	216	268	111	112	125	114	113	114	114	117	333	333	334	334	332	328	221	222	215	222	219	290	218	219	215	214	220	220	221	214	215	225	222	223	224	233	141	139	230	233	232	233	132	127	128	140	263	139	154	348	127	128	156	130	
380	330	196	196	197	198	197	195	198	171	175	172	173	199	201	202	85	165	164	86	85	84	354	354	353	352	352	350	351	338	97	179	196	195	195	193	194	186	187	252	168	72	166	167	168	204	208	207	208	209	207	207	164	163	161	145	164	165	143	140	205	199	252	206	255	256	201	200	196	195	218	243	193	193	194	217	269	269	115	115	113	115	116	110	334	333	334	335	331	222	222	220	223	218	219	217	218	219	219	216	220	220	219	217	220	220	224	221	220	221	232	231	233	232	234	233	234	128	141	132	135	264	155	141	129	130	155	157	
