310	309	308	309	310	307	308	309	311	309	318	318	204	317	318	201	201	220	213	212	212	276	275	276	284	282	281	284	283	279	281	283	284	277	274	273	274	275	282	185	186	185	188	184	185	188	185	184	184	190	191	192	194	195	196	186	185	197	198	187	188	187	188	197	442	443	444	445	391	392	391	389	390	388	388	398	399	380	379	375	376	374	371	374	374	379	380	376	381	383	383	385	380	381	382	381	406	409	411	429	429	426	425	421	475	476	477	476	476	468	394	392	395	395	396	397	390	389	410	410	409	410	410	412	410	402	401	400	
308	309	312	311	310	308	310	310	311	319	319	317	202	203	200	202	202	202	214	213	211	277	277	285	282	281	278	279	278	280	282	277	279	280	275	274	273	276	284	281	188	185	188	187	184	185	187	183	189	185	190	196	193	196	196	200	197	184	188	189	189	194	196	390	441	442	389	391	393	393	390	396	394	394	397	387	399	376	378	376	374	374	373	374	377	378	378	377	384	382	384	384	385	380	382	377	410	411	430	428	427	417	427	422	474	479	416	475	477	469	395	395	396	394	398	397	393	397	399	409	411	409	412	411	393	391	392	402	
313	314	311	311	313	314	307	313	311	320	316	213	214	202	209	203	201	203	202	200	199	282	283	282	278	279	279	279	279	283	281	280	281	276	283	274	274	276	282	282	283	187	188	187	179	186	186	182	181	186	197	193	192	193	199	197	198	186	184	189	194	197	195	197	391	389	390	391	389	392	392	395	393	389	378	398	386	385	375	379	377	375	375	374	375	375	379	379	381	381	383	380	377	410	411	376	410	409	410	413	429	428	418	422	419	473	474	415	469	396	397	396	394	397	395	394	393	396	410	398	410	411	412	412	412	400	392	393	
312	313	312	216	315	316	308	308	309	314	318	212	215	198	201	200	202	203	201	198	199	200	281	277	277	279	283	280	279	278	283	281	281	281	282	284	275	277	284	281	282	186	185	186	183	187	184	183	183	179	193	192	191	193	197	193	195	185	193	194	193	192	198	389	388	389	391	388	390	439	393	394	396	394	396	379	384	387	386	376	374	375	375	384	376	374	374	380	383	384	380	378	410	409	410	380	413	414	412	411	414	415	416	421	420	419	416	414	471	471	397	395	398	398	399	394	396	397	395	396	410	411	393	394	414	413	396	393	
222	309	217	316	215	317	312	309	312	313	313	319	199	200	199	200	201	202	202	200	201	200	283	282	283	282	284	282	278	279	282	269	280	283	285	280	280	276	281	281	187	188	185	183	186	189	185	184	185	177	180	193	188	192	196	194	195	186	195	192	195	196	431	199	390	437	438	192	193	394	376	397	395	397	380	385	386	385	388	378	377	377	376	374	384	375	381	377	380	383	381	382	383	410	414	414	389	412	413	415	480	415	418	415	418	420	392	415	470	471	472	396	397	399	395	395	398	398	398	396	411	398	410	411	397	393	397	395	
222	221	216	217	216	214	311	311	318	317	315	316	315	198	201	200	201	210	201	200	223	222	282	273	279	279	283	279	281	275	283	281	284	284	285	279	277	282	277	188	282	187	186	184	184	188	184	184	187	188	187	194	194	195	197	196	186	187	193	194	194	195	198	432	200	380	380	444	443	375	374	398	396	440	396	440	441	387	384	385	386	376	377	377	373	382	383	379	380	384	384	384	411	382	411	388	391	387	473	416	417	419	416	417	475	476	475	391	470	474	473	400	401	400	400	396	397	398	397	412	399	397	411	414	412	411	393	396	
215	218	217	216	214	311	215	310	318	315	318	316	197	200	201	201	201	202	209	210	210	223	218	281	276	280	275	277	282	282	283	284	286	285	280	278	279	281	281	279	282	283	281	185	186	185	185	185	190	189	190	184	194	194	196	197	203	209	208	195	194	196	431	197	433	446	379	377	442	394	399	438	437	440	439	440	395	379	379	380	377	378	377	378	385	386	371	374	375	379	385	386	381	380	389	389	392	390	468	468	417	418	419	418	477	474	476	474	473	398	401	397	400	399	402	398	399	392	392	391	392	393	413	411	413	394	395	396	
216	219	319	318	319	318	312	313	315	319	319	215	317	197	199	212	203	203	223	209	209	211	275	276	275	275	277	278	278	278	284	280	285	287	262	282	279	282	283	281	282	282	282	187	197	198	186	284	188	191	183	186	187	201	196	197	202	203	207	195	195	195	435	434	445	446	444	395	396	393	439	438	438	441	442	395	388	380	378	381	383	378	378	379	372	371	372	376	379	380	390	389	387	381	414	390	391	391	467	418	475	456	474	420	473	474	473	390	397	461	402	397	402	401	400	401	393	394	393	392	405	400	401	402	412	400	400	401	
220	320	322	320	319	318	314	319	314	312	311	318	204	197	198	203	202	211	212	209	208	210	218	275	274	278	278	278	284	285	287	284	285	286	261	281	283	282	280	283	286	286	281	182	197	185	283	178	189	182	187	194	188	434	200	201	197	204	205	208	196	432	436	446	444	443	379	395	436	434	435	439	439	378	385	384	387	381	365	364	376	365	380	385	373	372	370	380	372	381	372	421	380	415	421	469	390	469	468	474	454	455	456	457	421	472	391	398	391	396	398	400	403	399	399	399	400	471	472	404	400	405	399	397	397	399	407	408	
322	321	321	321	321	322	318	315	314	315	310	319	204	203	215	215	212	203	208	209	220	219	219	215	217	277	282	283	282	288	285	272	285	256	285	286	256	183	281	282	285	287	183	280	186	186	179	193	193	184	183	193	183	433	433	198	202	196	205	195	434	433	387	439	438	430	400	380	432	433	383	383	446	386	388	384	385	366	382	382	377	363	385	386	383	371	382	373	409	371	419	420	387	423	424	422	473	468	469	470	455	455	457	453	474	473	392	398	399	397	398	400	399	400	400	403	404	404	403	403	405	400	404	398	400	397	398	408	
214	222	214	322	314	314	319	309	208	316	312	211	206	207	214	213	214	213	210	216	215	219	220	219	218	220	221	274	283	289	290	273	257	257	257	286	287	183	182	180	286	183	180	285	180	287	193	192	193	196	182	184	192	434	432	199	199	203	195	196	194	434	439	430	431	431	399	401	435	433	385	384	387	388	387	383	383	384	385	367	366	367	386	388	385	386	384	383	372	420	421	418	388	422	421	472	472	469	470	456	454	456	455	456	457	475	455	456	398	397	408	401	400	410	411	402	403	405	403	403	406	396	399	400	398	399	405	406	
215	213	215	313	312	315	308	210	311	214	210	211	207	207	206	212	213	215	216	216	216	217	220	221	221	213	275	220	273	291	274	215	215	274	263	287	183	182	183	170	184	185	178	179	286	195	199	184	193	195	193	192	435	192	185	202	201	191	194	195	435	435	196	432	431	432	432	402	432	434	434	437	438	386	389	384	384	380	381	383	365	386	385	386	387	386	387	391	384	380	381	382	423	420	420	471	474	473	474	455	455	453	454	473	474	458	394	395	396	399	407	408	409	401	412	401	406	402	404	405	406	405	400	411	396	402	405	406	
214	216	315	221	314	224	314	310	309	310	214	215	212	208	211	212	216	210	210	217	212	217	217	218	222	213	276	221	281	215	223	220	214	206	275	267	203	168	174	173	169	172	273	172	173	200	200	181	196	202	196	193	193	203	203	433	196	198	196	432	431	430	439	444	432	446	439	401	403	404	433	438	384	439	383	390	385	385	382	374	387	390	386	386	386	389	390	385	371	372	379	380	418	419	472	472	472	472	475	454	452	453	455	452	225	459	394	393	396	408	224	225	410	402	402	403	404	408	402	406	406	402	410	401	408	405	403	407	
213	214	220	316	314	315	223	218	213	215	215	214	210	207	209	212	211	210	209	211	216	217	218	215	273	274	214	277	216	282	219	220	224	207	205	266	267	170	169	174	273	272	273	172	173	182	180	199	182	183	186	194	192	194	202	201	197	198	197	433	431	430	447	446	433	440	335	439	440	434	403	436	438	383	391	384	385	386	387	383	375	387	391	388	384	388	393	409	372	373	374	419	419	473	473	471	471	473	472	476	451	450	453	453	454	395	221	411	412	413	405	404	410	410	399	401	403	407	408	407	401	410	411	407	408	403	408	409	
214	215	218	217	221	315	219	212	214	214	216	215	209	208	211	210	213	215	211	215	212	213	214	273	216	274	215	217	217	218	219	225	225	206	206	169	268	169	171	179	171	272	276	173	183	183	192	198	199	194	201	198	197	193	197	203	200	198	199	430	431	433	429	432	441	336	336	334	438	441	339	340	436	439	439	340	386	381	379	376	376	373	389	390	391	392	410	373	374	407	418	420	471	379	380	381	379	475	474	452	473	474	225	224	224	388	223	220	223	408	406	406	409	400	398	404	400	403	407	408	409	411	412	404	407	404	408	408	
215	215	216	219	218	222	214	213	213	221	222	220	214	209	209	211	213	214	216	216	216	214	214	214	217	215	214	220	221	220	221	223	205	206	205	267	268	179	178	178	179	273	271	268	184	191	193	192	193	201	202	203	194	201	203	204	203	200	200	201	400	432	429	400	335	339	336	337	335	336	435	436	439	373	339	381	380	378	379	370	390	390	374	386	367	390	393	390	375	419	408	417	417	417	379	474	380	378	468	472	474	462	463	462	223	224	396	397	407	410	409	406	410	407	408	399	402	408	407	409	408	410	409	406	415	416	408	409	
216	219	219	218	221	222	321	320	222	222	223	222	214	215	210	212	212	214	216	215	220	218	279	280	218	223	224	225	221	221	222	225	216	225	218	270	267	268	177	268	269	271	272	273	269	191	194	196	199	199	197	197	194	200	204	202	204	195	201	202	433	400	399	432	336	338	339	337	338	435	434	438	372	340	340	380	390	389	371	371	375	374	374	375	373	371	395	394	420	370	414	415	416	415	473	380	473	469	469	467	461	461	464	464	464	396	459	408	397	408	408	407	406	404	401	400	401	402	407	408	408	408	409	416	417	416	409	410	
220	217	219	222	223	341	340	339	321	221	223	215	216	217	222	220	219	226	219	216	219	219	283	219	224	227	224	225	219	220	278	223	224	225	226	268	268	267	269	268	191	272	273	272	191	192	193	195	185	198	193	196	195	193	198	203	194	435	196	434	435	436	430	433	433	335	337	336	435	435	439	338	337	341	373	343	344	382	388	372	372	374	373	374	375	367	368	371	372	374	414	416	464	463	376	375	381	422	468	469	471	464	460	466	465	458	412	414	416	407	406	408	407	403	407	402	402	423	408	409	407	405	406	408	411	416	417	418	
221	224	222	220	224	323	221	340	338	325	222	223	328	223	223	337	336	344	225	218	218	220	283	282	283	225	228	226	218	277	278	178	282	272	267	267	267	268	269	269	192	191	190	192	184	192	198	184	179	199	180	196	196	194	194	197	196	197	432	433	437	434	433	434	433	334	337	338	443	446	438	438	372	374	342	372	381	376	390	372	371	390	391	376	368	369	373	374	466	373	462	415	463	464	377	421	376	377	469	469	465	466	466	468	467	468	415	411	415	415	416	413	406	406	404	422	403	420	409	415	406	409	410	411	407	151	417	418	
222	223	339	339	222	324	222	322	339	339	325	327	326	336	336	335	224	224	343	228	218	344	342	283	224	226	218	219	183	182	278	282	281	268	266	302	271	271	266	195	196	193	192	193	194	199	193	197	185	178	179	180	195	198	198	197	199	196	398	435	434	435	435	429	335	338	340	437	445	446	443	444	373	372	375	477	375	374	371	369	371	372	372	370	371	372	451	374	374	463	374	461	466	462	420	464	426	425	426	457	466	467	465	459	234	469	233	235	412	416	414	416	404	405	423	404	421	422	416	417	416	410	410	144	408	406	406	417	
218	224	338	340	338	223	325	340	340	315	340	338	338	327	335	335	337	338	225	227	229	343	278	279	280	281	220	183	220	181	179	283	283	302	265	273	272	270	194	197	188	189	167	187	185	184	194	198	178	180	184	181	199	197	195	198	197	198	434	399	182	183	184	164	340	339	337	337	337	442	362	445	367	366	338	476	375	370	371	374	370	373	373	372	371	372	372	375	372	464	464	463	462	465	420	421	425	424	205	207	457	456	235	458	233	234	234	411	416	415	415	413	405	405	404	424	409	407	398	417	408	409	409	145	146	149	149	150	
221	220	219	337	341	316	317	313	341	339	341	336	337	327	343	336	338	216	339	344	344	345	344	279	222	219	274	184	221	181	178	270	284	300	301	272	272	301	198	198	189	174	167	166	185	180	180	177	178	179	179	178	198	174	196	198	433	198	434	436	400	184	185	163	164	341	432	338	338	343	344	363	367	339	337	477	477	373	372	370	369	372	381	379	380	453	451	450	449	467	466	464	464	421	235	209	210	209	210	211	457	236	236	458	234	241	241	239	410	401	416	401	406	398	402	405	408	410	138	137	152	410	410	142	140	147	148	149	
210	210	323	322	338	427	317	346	343	342	343	340	337	342	343	344	217	219	219	340	345	345	184	212	221	222	223	188	273	180	179	300	271	302	270	271	302	191	190	195	194	173	165	274	187	179	187	188	179	178	180	180	173	175	173	185	434	435	448	401	163	337	164	163	165	342	431	339	344	447	446	366	368	371	475	445	372	373	370	471	468	375	381	380	372	452	476	464	468	461	234	235	235	234	210	211	465	210	208	210	409	462	461	235	241	240	242	240	411	415	400	401	411	412	413	409	411	409	136	407	138	151	150	149	141	141	148	149	
209	211	222	208	321	426	428	345	429	344	335	427	342	341	342	344	345	218	218	213	221	346	211	212	222	220	189	226	227	183	181	182	273	272	271	189	190	192	274	191	192	195	176	175	187	186	178	182	179	177	182	175	174	184	185	184	186	449	436	435	162	162	340	163	162	166	167	447	448	448	365	441	212	443	444	474	373	371	470	471	374	376	381	475	371	475	463	386	454	469	233	235	235	211	235	210	209	466	222	209	210	238	464	461	236	239	413	415	414	401	419	402	412	404	400	403	139	417	404	402	408	409	150	149	142	151	150	149	
209	206	204	208	207	427	428	427	428	336	430	336	430	344	345	341	221	346	347	212	220	186	215	218	223	224	225	221	188	182	297	296	272	272	190	189	304	194	275	197	194	191	176	186	188	187	182	181	188	188	180	179	181	181	183	190	448	166	450	163	162	158	301	442	341	163	437	446	447	446	212	211	442	211	448	445	372	372	474	475	472	375	470	466	474	372	386	388	454	453	234	236	236	237	211	210	220	221	222	223	238	237	465	463	416	237	238	415	415	388	389	418	418	413	387	414	138	416	405	409	423	421	410	138	139	150	150	409	
349	207	205	208	207	208	204	426	427	428	429	429	337	338	343	348	342	214	215	217	213	214	217	188	187	185	226	188	189	192	296	295	294	300	297	303	190	296	193	196	194	193	194	221	220	172	187	188	188	187	181	178	180	181	189	184	167	449	185	439	163	163	157	441	301	342	443	436	447	213	213	443	210	447	446	451	446	448	449	473	473	376	471	467	465	475	389	455	389	454	457	457	242	243	242	221	221	222	234	235	238	398	207	415	238	414	413	239	391	390	387	419	393	419	393	408	415	139	425	425	420	422	138	139	137	151	411	410	
208	208	209	209	209	210	427	426	429	430	336	338	337	135	134	348	347	220	216	216	215	216	188	189	187	186	189	187	188	222	174	296	301	301	301	300	299	295	296	195	195	195	181	219	220	180	171	186	188	189	183	181	179	190	190	185	156	171	172	156	438	441	452	301	300	343	444	437	435	441	439	224	212	211	450	447	447	446	375	474	474	373	377	472	469	475	476	456	454	458	456	456	458	241	242	241	238	239	241	242	243	410	410	239	239	240	415	392	391	415	155	395	390	392	407	416	406	407	424	426	389	140	139	137	136	413	411	153	
209	207	210	209	211	211	211	425	424	425	338	337	337	135	133	348	216	219	218	218	218	219	217	189	188	314	313	188	190	191	297	302	302	302	301	300	301	302	278	277	197	191	221	218	173	174	173	204	187	203	184	182	204	207	191	189	170	155	157	154	155	439	451	453	454	344	220	302	436	440	440	223	437	449	212	213	374	374	447	475	446	372	473	375	476	477	456	455	455	457	462	459	456	456	457	241	238	240	244	242	238	246	411	411	415	174	175	392	168	171	394	389	391	391	393	387	387	405	425	388	422	425	140	427	427	137	151	151	
347	348	350	212	429	430	428	212	337	426	426	425	426	135	337	345	342	215	219	220	217	296	223	223	190	189	187	188	189	225	224	298	299	302	301	300	301	195	194	280	279	192	219	220	219	173	173	174	206	184	168	203	205	206	207	173	171	171	156	158	156	156	453	448	216	449	450	442	442	437	224	223	222	213	213	373	213	375	375	373	446	445	446	475	472	471	378	476	457	456	461	455	457	243	242	237	241	242	241	243	244	245	247	417	414	173	178	178	170	168	169	168	167	167	167	394	386	385	387	423	425	424	154	426	138	152	151	152	
346	345	349	428	432	431	220	221	338	427	424	427	426	136	338	344	343	344	221	136	138	222	222	311	312	188	189	188	219	300	225	225	219	231	232	302	193	192	194	280	195	280	217	179	178	206	205	205	183	183	166	167	166	206	167	172	170	172	155	156	157	214	215	454	447	221	219	442	441	444	438	224	223	465	372	222	212	216	376	470	471	468	476	466	467	377	475	478	477	465	460	455	456	467	239	457	241	240	245	244	244	248	248	248	174	179	175	177	156	167	169	170	169	168	166	165	387	387	386	426	426	424	426	427	429	153	150	151	
346	427	346	349	429	429	220	219	426	426	135	338	428	134	345	347	342	139	300	137	300	223	223	311	222	311	190	191	189	190	301	226	232	232	301	309	311	194	193	194	281	218	223	180	181	193	192	200	184	167	168	165	207	166	207	173	171	192	173	154	156	216	455	160	222	222	453	452	453	444	445	222	223	222	221	444	215	216	471	472	470	472	468	468	378	468	477	476	459	459	459	467	466	468	456	457	149	149	249	248	249	250	246	244	151	155	154	152	163	166	156	157	168	169	166	169	386	385	388	388	423	425	152	430	152	428	397	151	
430	345	348	427	428	433	216	219	218	219	427	134	135	133	348	346	343	301	300	299	300	224	313	221	312	312	310	192	310	197	198	236	233	219	310	308	194	194	195	195	219	222	194	193	200	200	199	181	182	168	167	169	165	166	173	168	172	193	155	174	157	157	156	215	159	223	163	447	453	445	445	224	381	220	446	445	212	472	377	378	473	470	469	469	467	466	469	476	477	458	467	465	468	457	469	238	150	148	250	150	249	246	148	247	155	397	153	164	156	155	156	167	166	166	168	167	165	386	387	424	425	424	429	432	431	398	398	398	
216	430	430	431	216	217	427	427	220	347	350	140	140	141	142	347	347	344	186	300	225	301	225	312	313	313	185	193	198	198	235	220	234	220	218	219	195	195	196	196	196	223	194	193	194	201	198	182	184	183	168	166	166	173	289	175	158	173	156	157	195	196	197	198	216	217	162	222	446	445	444	219	219	380	472	469	470	380	212	377	378	207	470	468	469	470	465	478	480	462	461	466	464	466	466	467	466	470	147	149	248	151	247	246	396	154	153	154	155	154	155	168	157	167	163	406	165	427	425	388	389	388	425	430	431	401	397	401	
215	430	429	430	431	428	428	428	221	349	346	351	139	142	345	348	125	187	187	192	342	343	182	220	185	184	194	199	201	199	176	177	178	198	199	196	196	233	197	198	222	224	224	195	230	203	183	199	185	182	168	169	167	285	288	289	176	157	159	157	197	198	197	217	218	286	287	447	445	446	448	217	216	220	470	471	212	211	211	378	221	205	209	469	468	470	479	480	479	479	474	460	465	467	467	465	468	467	468	151	466	467	152	245	245	162	161	153	155	165	158	156	167	165	407	166	164	426	387	388	387	388	431	429	430	398	400	394	
214	430	431	432	216	429	141	429	430	427	350	347	141	141	143	138	126	188	188	191	189	125	183	184	316	184	185	202	198	175	200	177	306	308	197	197	234	235	236	221	222	225	229	229	197	196	180	179	181	184	169	185	241	286	243	287	158	158	159	293	292	198	216	290	290	303	287	164	296	447	448	331	215	217	219	213	226	226	210	220	210	210	208	470	468	469	470	481	471	473	470	464	465	468	467	465	227	148	468	148	467	153	247	246	247	246	154	155	163	166	163	168	166	166	169	174	168	427	388	386	453	384	393	391	397	397	397	399	
216	431	218	217	430	217	423	430	430	428	144	342	142	142	137	140	123	127	193	188	192	341	185	340	316	315	186	186	175	176	176	180	307	207	311	203	237	203	240	220	221	193	192	204	205	182	180	180	184	183	184	185	242	291	288	288	160	159	160	291	289	290	217	290	289	449	302	447	295	297	449	221	221	218	470	227	225	218	219	211	209	207	211	466	465	470	471	470	470	469	470	469	235	467	469	470	231	149	149	469	154	152	151	152	247	162	167	402	403	168	168	167	167	168	173	176	167	389	169	456	452	383	459	460	457	398	398	396	
216	432	218	425	426	423	422	431	430	122	141	341	342	136	139	124	126	125	194	191	193	191	192	339	185	316	185	176	177	204	177	308	206	310	310	202	202	202	203	204	201	191	206	193	206	182	182	183	184	183	184	190	239	291	290	294	292	154	292	290	162	165	218	219	450	303	448	294	434	435	331	220	221	218	219	211	226	224	229	210	211	206	210	464	465	471	471	468	471	234	470	236	468	469	468	238	150	230	470	243	229	152	153	163	248	249	171	404	405	169	169	168	169	163	169	174	390	168	169	453	455	456	461	460	458	398	399	401	
216	215	122	426	425	429	424	431	432	122	342	342	343	343	125	127	126	344	345	346	192	194	341	340	340	340	341	187	178	201	203	181	206	203	201	201	204	199	203	200	199	304	192	193	205	207	293	294	182	185	189	188	240	289	155	294	293	291	155	293	294	163	164	304	305	304	303	155	156	330	329	328	219	218	212	220	223	227	230	468	207	466	465	465	472	466	467	472	468	234	471	229	469	236	237	151	152	153	154	243	151	177	153	175	176	171	170	150	169	163	170	164	171	156	157	159	169	168	170	455	457	457	458	459	399	401	400	400	
400	399	124	123	428	425	429	433	433	432	128	343	344	344	345	128	181	345	343	346	195	195	341	184	339	339	341	346	188	202	202	207	207	205	202	203	202	204	206	200	305	200	305	183	184	184	185	292	295	240	293	189	236	156	156	157	155	158	157	158	163	297	292	165	305	157	154	156	331	335	331	332	327	220	444	224	227	224	455	467	466	466	467	473	467	473	469	470	471	472	473	474	237	236	234	230	229	230	155	152	176	154	152	153	176	405	405	170	172	168	164	165	157	159	155	158	157	158	169	166	391	392	392	459	402	401	402	402	
226	128	127	429	124	125	434	430	356	356	127	128	127	123	347	348	179	180	129	343	342	196	183	182	339	338	343	348	350	206	206	201	206	208	209	203	203	205	307	307	306	304	185	183	184	290	185	293	293	294	239	294	291	292	291	235	159	156	157	297	296	297	291	438	156	157	164	156	333	334	333	326	329	328	443	440	328	327	468	469	467	468	467	468	468	474	468	469	468	470	470	238	237	237	470	231	176	177	174	175	155	151	151	177	174	404	170	406	172	171	169	166	159	158	157	156	157	170	454	455	391	390	391	403	466	466	466	467	
227	128	430	221	222	426	123	354	355	357	128	128	347	346	127	179	178	128	130	344	130	339	184	184	340	342	349	343	349	205	207	205	206	210	209	204	204	204	203	204	306	305	184	303	289	288	292	288	294	282	293	238	291	292	291	234	160	158	159	158	295	437	436	437	156	157	158	163	164	335	332	325	329	437	330	331	453	469	230	469	454	454	453	469	470	469	470	469	470	469	235	236	238	235	238	236	231	173	172	173	156	150	399	175	173	404	171	171	170	171	172	392	167	169	170	171	171	171	172	173	456	461	464	465	464	467	465	468	
224	432	431	225	220	222	124	125	355	129	129	129	125	125	126	348	128	129	178	178	340	131	341	341	344	348	347	342	207	205	208	207	206	208	205	205	193	207	203	304	306	304	185	290	305	291	293	290	292	294	294	292	292	293	290	161	436	160	160	161	296	296	437	442	442	158	159	337	454	455	298	297	438	436	453	331	454	455	231	231	472	472	470	472	470	465	471	470	471	236	470	236	237	453	472	234	237	174	170	171	399	398	398	400	405	404	406	403	171	393	394	385	168	384	171	158	172	173	172	174	457	460	469	463	466	466	465	466	
133	133	226	226	128	165	126	165	409	404	128	129	126	126	128	129	178	177	130	177	344	344	132	345	338	343	339	340	204	205	202	207	207	204	206	192	206	204	305	196	305	303	305	304	197	291	292	294	293	293	438	438	439	439	440	435	162	163	161	292	160	161	442	441	442	158	338	456	457	455	299	435	437	437	435	439	457	458	456	232	472	471	473	473	474	465	464	457	237	238	237	469	469	454	452	471	237	238	171	152	154	400	399	397	405	406	405	407	156	159	159	394	385	387	468	175	453	454	464	173	458	467	464	467	471	465	465	466	
134	132	227	227	127	127	128	408	403	408	406	127	151	154	153	123	124	341	128	350	345	133	344	339	344	345	342	341	343	203	221	207	202	205	207	205	299	301	301	307	196	197	305	308	306	308	434	434	294	443	437	438	434	438	439	436	436	164	436	437	293	439	440	441	295	451	452	455	456	297	296	436	436	437	436	332	330	458	457	457	457	474	458	474	466	465	456	468	472	399	466	465	468	451	452	453	472	172	474	459	459	153	398	406	398	177	408	406	157	158	159	158	395	469	467	381	454	465	455	463	459	459	469	471	470	455	466	466	
133	407	412	405	165	163	409	166	407	409	405	406	129	129	130	131	124	340	344	343	349	134	343	352	347	348	343	344	223	221	220	208	223	300	207	300	298	300	302	302	200	304	195	307	307	307	435	307	442	436	437	433	437	439	438	439	434	433	291	297	298	442	441	296	295	297	452	446	456	457	297	298	334	295	332	331	332	458	459	332	458	456	457	467	401	455	399	245	398	473	470	453	452	467	452	473	474	475	484	460	460	152	399	403	407	402	409	158	157	385	387	386	398	468	470	455	456	455	465	463	464	466	470	468	456	456	455	467	
406	406	407	408	166	164	415	416	406	405	406	153	153	131	153	151	152	341	350	350	135	350	353	346	351	346	199	345	201	222	209	221	222	301	299	299	299	299	196	303	199	303	230	303	308	307	306	436	442	441	435	435	443	438	439	435	434	435	441	440	442	443	293	294	296	296	443	445	442	458	333	299	300	294	295	332	332	332	331	329	450	451	457	455	454	400	456	457	397	399	471	451	453	453	465	464	476	483	482	464	402	463	402	402	404	410	403	156	155	386	386	397	153	388	380	379	456	177	456	463	467	466	467	469	471	456	456	457	
410	407	414	413	412	413	134	133	407	406	407	411	154	132	132	151	156	349	349	349	350	352	345	346	298	299	199	198	223	200	201	303	223	301	298	298	299	300	301	195	303	306	305	229	230	437	307	436	435	443	434	435	444	439	436	437	244	436	442	442	295	294	298	302	294	297	444	446	443	441	299	296	297	296	296	333	332	332	332	450	451	447	459	457	455	456	458	398	399	472	403	398	397	466	465	400	461	459	465	463	464	401	398	405	408	407	400	433	156	432	387	434	435	389	378	457	463	178	466	464	466	465	466	455	470	453	468	469	
410	408	408	411	417	410	414	412	407	408	410	409	410	411	410	159	155	156	348	163	350	346	353	346	297	300	199	198	200	200	302	236	235	301	299	299	302	302	301	300	306	305	304	305	231	232	308	436	440	439	443	441	442	443	440	435	246	437	443	443	451	300	301	451	452	298	450	447	451	295	295	300	335	331	297	296	333	333	298	298	439	458	439	456	451	457	458	402	399	402	460	402	452	451	401	466	462	468	482	466	402	465	399	397	398	397	398	401	436	382	433	382	381	382	390	464	458	153	156	386	465	467	384	383	454	455	386	470	
409	409	409	416	410	409	134	413	411	409	161	160	410	159	409	411	158	351	160	162	149	352	347	354	186	200	199	353	199	236	235	234	237	243	430	301	302	301	299	305	303	305	306	232	306	309	438	345	343	440	442	441	444	444	432	245	247	245	248	360	361	362	452	453	451	449	450	451	446	297	294	299	334	335	331	334	332	334	297	297	298	438	457	440	441	450	402	402	402	403	403	449	452	452	459	463	461	467	392	481	406	405	402	398	399	399	436	435	437	383	383	433	383	473	465	466	459	154	155	387	388	458	384	384	382	456	456	385	
410	411	410	151	150	151	410	150	413	412	159	160	158	155	163	164	165	159	163	150	353	357	359	359	355	187	201	200	296	351	352	235	236	242	302	431	302	303	300	303	303	307	303	292	310	310	278	344	344	290	341	445	294	433	366	366	246	248	249	240	241	242	451	451	452	451	451	452	298	334	300	332	331	333	332	331	332	299	298	296	437	447	461	456	442	460	451	401	402	402	456	456	406	464	457	459	468	390	391	403	406	431	431	432	433	437	435	436	434	433	431	432	196	472	474	472	378	460	379	382	381	385	459	383	379	380	458	459	
413	139	411	412	151	149	149	150	147	147	148	157	154	159	154	162	163	151	151	152	157	360	358	360	188	189	201	201	236	353	352	237	243	240	243	244	432	299	301	304	302	304	301	301	230	311	230	289	289	291	342	293	446	293	368	365	364	363	243	364	243	243	251	454	298	297	299	453	294	297	333	332	334	334	330	330	297	295	295	295	297	449	450	460	461	459	400	403	407	406	405	455	405	463	456	458	408	463	404	483	429	395	430	431	435	434	401	436	462	463	430	431	471	473	475	378	377	376	377	383	399	382	381	380	383	457	388	385	
139	138	414	415	414	148	412	151	144	146	151	153	154	160	163	164	164	152	150	166	167	156	359	187	187	190	297	178	177	246	249	242	240	240	222	433	301	299	225	226	303	303	300	301	299	231	282	289	288	343	343	248	292	294	248	249	366	364	244	244	365	252	454	455	449	297	296	298	299	297	360	362	363	295	295	331	298	294	300	449	450	454	455	449	460	401	402	408	409	406	488	406	456	455	457	392	397	407	399	408	407	410	432	429	435	429	430	402	429	463	431	432	472	474	475	200	202	376	157	379	384	398	460	459	458	388	388	387	
140	411	412	142	141	149	149	152	147	147	149	169	170	165	164	171	165	166	151	157	157	159	360	360	189	445	177	176	177	250	247	248	241	238	239	240	224	351	226	352	306	302	301	303	302	281	290	291	289	289	293	293	247	344	247	361	366	363	245	247	246	366	454	258	354	448	298	296	297	296	255	297	364	296	298	297	296	451	297	296	471	455	453	404	457	402	409	410	411	410	407	469	468	467	456	398	393	398	409	410	409	428	427	428	429	430	431	436	464	463	423	423	475	473	475	199	465	201	200	380	378	482	483	459	389	484	388	387	
147	413	140	141	139	140	141	148	147	147	172	413	168	169	170	164	166	165	160	168	158	447	445	190	446	189	444	177	178	248	249	241	240	241	239	223	225	225	227	305	305	292	301	292	282	291	358	359	292	293	293	292	345	246	248	367	250	367	245	246	248	247	257	353	353	449	449	258	360	254	297	296	298	365	299	296	295	296	297	298	472	473	454	456	403	436	411	409	409	409	488	489	467	465	468	399	298	408	410	402	401	428	431	405	427	429	431	465	435	424	464	422	429	421	471	473	200	466	482	396	397	482	481	484	483	456	485	240	
414	146	141	139	141	142	149	148	148	414	412	171	167	172	169	166	165	166	169	169	169	446	164	446	191	190	444	179	182	181	182	242	176	241	240	240	351	349	350	220	306	350	291	294	302	302	292	357	348	347	347	346	250	251	246	243	368	369	246	248	248	249	258	256	257	256	258	258	257	259	298	297	298	417	298	302	299	298	454	296	474	466	466	467	468	404	412	410	410	487	410	489	399	469	400	297	403	299	301	403	409	403	430	404	428	429	430	432	421	444	425	466	422	430	472	472	477	481	200	396	198	380	482	464	484	457	238	239	
147	137	141	137	140	150	150	343	413	158	171	170	171	166	165	168	169	167	168	447	447	446	163	442	446	445	178	181	181	180	243	175	242	243	228	353	352	352	357	352	408	349	350	355	293	356	356	357	349	348	346	345	250	247	251	245	242	369	370	246	247	250	250	257	258	257	257	259	258	258	256	299	264	420	301	303	301	300	454	453	475	466	465	455	465	300	413	298	412	413	490	401	471	469	469	297	404	403	300	403	404	410	403	404	429	204	203	202	445	420	424	426	424	425	473	200	204	197	200	199	483	484	485	465	487	486	458	460	
137	135	136	140	140	141	344	344	157	159	159	172	172	174	346	169	168	449	448	449	448	173	162	181	443	445	180	177	174	172	359	243	176	225	229	352	410	352	351	358	409	349	350	353	354	353	358	358	359	360	361	252	344	252	246	246	245	371	372	373	250	146	249	443	259	258	259	260	255	255	256	263	300	421	421	301	300	301	464	467	464	465	464	464	456	456	301	297	301	400	399	398	402	470	300	299	298	404	300	403	404	404	404	405	427	428	203	443	442	196	421	422	426	433	197	201	203	481	200	484	241	485	231	237	462	459	459	462	
136	136	141	137	142	343	157	158	158	359	415	181	174	173	175	347	446	446	449	445	172	171	172	444	180	181	178	179	175	173	173	177	178	229	228	364	409	410	353	406	410	410	350	352	404	364	362	359	344	345	347	341	346	345	245	247	246	245	295	249	250	266	265	444	444	258	258	256	256	254	258	455	301	261	260	260	261	301	465	466	465	464	463	455	455	456	303	300	301	302	401	401	305	443	300	435	466	467	468	470	427	426	405	430	440	439	204	202	195	197	200	410	205	204	202	202	204	482	201	202	240	241	242	236	230	460	461	462	
139	137	139	140	141	344	159	158	159	358	346	416	175	174	346	176	344	341	340	340	173	449	173	173	174	179	363	360	359	176	175	358	177	176	363	363	364	228	354	407	408	411	404	405	397	361	363	343	347	346	346	341	344	344	346	245	245	244	296	252	250	251	250	251	445	443	257	353	281	257	352	261	279	261	258	259	419	420	467	303	465	455	454	456	459	298	302	297	299	402	302	306	304	441	442	436	441	467	469	469	429	439	439	431	432	437	203	205	201	204	204	409	204	203	203	203	483	205	239	240	242	233	230	229	237	237	463	159	
139	138	137	138	167	168	169	358	159	359	181	176	346	345	345	345	345	345	341	341	174	172	450	172	175	174	362	358	360	177	175	360	177	228	363	362	364	388	408	413	412	409	403	414	396	397	396	346	345	338	338	343	343	347	248	250	295	296	271	270	251	251	249	251	260	259	259	259	280	260	260	262	277	278	259	260	424	424	421	468	466	464	463	459	458	299	301	298	297	225	403	403	305	306	442	465	468	441	468	469	438	438	433	430	433	436	193	207	206	203	205	434	205	437	204	484	205	206	437	242	241	234	229	229	226	236	391	157	
138	137	137	168	167	146	143	143	144	178	182	182	169	347	346	346	169	346	178	176	173	175	451	173	163	176	357	361	289	361	360	290	291	292	226	365	365	226	414	413	405	392	413	414	394	395	398	397	346	346	339	344	248	249	348	249	295	296	294	266	269	267	269	250	261	258	260	258	256	281	282	263	277	278	279	261	418	417	420	420	375	374	464	464	462	459	460	299	404	224	404	301	307	240	438	464	467	467	438	437	470	434	433	432	434	432	435	433	435	203	204	206	203	202	438	436	432	436	241	438	242	244	228	202	203	225	158	156	
137	139	167	168	169	144	145	142	143	352	353	174	169	173	173	346	168	174	177	179	177	165	166	167	172	177	360	288	290	290	290	291	287	293	227	257	227	258	258	415	416	394	391	392	396	397	365	395	396	346	345	247	251	251	250	295	292	295	295	296	265	268	268	281	280	262	280	279	282	281	259	275	260	281	277	424	425	418	419	452	420	426	465	224	461	460	224	303	302	226	225	302	305	439	472	439	440	439	439	232	438	439	433	431	433	433	433	434	434	204	205	205	204	204	437	226	435	435	435	242	244	232	245	230	233	389	226	389	
139	168	167	166	171	170	143	144	351	351	167	173	174	173	172	173	340	173	342	180	178	164	172	171	178	359	170	288	291	289	362	286	294	392	390	392	256	257	389	388	391	390	392	388	393	396	394	397	352	347	250	251	250	251	250	296	250	294	292	258	266	268	267	268	280	279	258	279	282	283	151	276	274	262	276	425	421	423	453	453	275	376	227	378	462	463	461	198	197	196	227	304	303	471	472	473	232	233	230	231	201	433	432	433	436	434	435	204	205	209	204	206	205	191	192	194	225	435	436	243	435	233	231	228	233	232	390	389	
140	139	145	172	353	352	351	350	336	351	352	168	354	172	172	171	339	340	171	170	177	168	167	168	169	169	170	287	288	286	363	290	287	393	390	389	257	257	259	390	389	393	405	388	387	348	348	349	338	351	249	249	251	348	350	249	250	251	355	264	285	272	284	279	278	281	257	258	259	147	148	150	273	263	273	274	423	422	424	276	451	452	453	226	379	305	226	198	197	197	195	240	473	472	470	233	472	231	235	202	204	204	205	435	429	206	206	206	211	206	208	209	191	209	208	203	204	231	186	185	436	233	232	229	231	391	233	390	
141	141	143	142	141	352	354	356	159	335	334	355	174	173	176	346	346	345	171	178	169	178	171	170	170	170	170	288	293	287	364	289	291	394	358	390	259	256	255	392	393	406	389	335	335	388	348	339	339	250	342	344	345	345	346	352	352	353	354	265	284	283	285	280	279	281	277	277	284	154	153	155	153	274	155	156	428	274	275	275	273	450	448	450	306	306	304	310	310	310	198	194	239	471	474	475	231	473	232	203	202	198	205	430	206	205	206	207	203	206	206	245	246	205	206	207	230	187	437	437	438	439	439	230	232	441	442	391	
143	144	144	144	143	355	355	357	336	158	279	337	337	337	174	345	344	184	183	170	179	171	179	171	170	288	293	171	289	292	288	290	291	357	360	361	258	260	393	256	339	338	339	394	334	283	347	342	341	340	343	346	345	346	347	359	351	353	287	285	268	286	277	278	278	279	278	276	285	281	154	154	155	154	267	277	427	428	276	274	276	274	275	449	451	305	309	308	309	199	311	199	193	473	476	207	232	474	475	203	205	201	199	196	206	206	204	208	209	210	205	247	247	207	386	248	208	231	230	288	440	440	440	391	440	233	394	442	
145	145	143	143	350	349	356	358	337	164	278	337	336	338	346	175	345	183	346	181	183	172	172	171	172	292	293	288	289	297	291	289	300	301	358	256	362	261	257	255	341	340	395	395	396	335	282	283	284	342	344	345	346	275	276	277	358	354	265	286	285	278	277	278	277	275	278	279	310	279	280	285	155	266	268	278	428	428	277	278	275	276	311	312	450	306	314	315	309	311	307	317	474	470	469	469	206	200	199	205	206	200	197	438	434	435	209	208	209	206	248	204	205	208	208	249	209	288	287	436	437	439	183	184	392	441	442	441	
144	152	150	355	355	350	164	359	364	365	351	340	337	271	272	347	176	182	183	182	184	185	173	173	359	360	362	289	298	365	298	299	300	254	253	360	262	251	252	340	340	291	395	394	397	394	397	396	287	286	343	283	285	277	276	359	345	344	267	266	287	360	277	276	277	278	279	310	309	284	319	285	284	319	267	268	429	274	272	272	311	277	295	312	451	303	310	311	308	310	310	475	475	471	203	470	205	200	200	198	199	435	437	433	435	210	209	208	209	210	211	208	296	296	248	388	250	183	440	440	438	182	440	393	185	186	440	442	
145	151	355	354	351	351	349	163	366	363	352	338	341	179	343	348	178	183	183	183	188	358	361	362	360	361	361	290	300	299	297	300	357	357	359	358	359	250	261	262	341	396	290	396	395	396	395	398	399	288	282	284	277	277	358	344	343	357	286	361	360	359	358	360	359	278	280	383	283	320	284	317	316	268	318	268	275	276	273	271	274	296	278	294	305	302	310	309	313	311	309	311	317	471	202	204	201	201	198	199	200	434	435	434	435	200	210	209	209	394	212	207	295	297	297	249	181	182	184	439	441	441	441	183	444	441	442	441	
146	146	356	354	355	168	160	366	365	366	338	341	341	342	178	177	178	179	189	187	186	187	363	286	361	363	362	255	254	255	250	248	254	358	359	252	251	252	251	252	289	289	292	345	345	290	289	396	349	283	289	280	279	278	359	308	288	309	287	361	349	361	221	220	361	360	361	436	435	316	285	285	315	316	290	269	275	274	277	272	272	273	295	279	304	305	301	313	312	314	312	316	317	318	203	202	202	210	204	205	200	437	200	206	201	202	199	396	395	210	211	293	293	296	250	251	295	183	181	441	439	196	294	184	440	441	442	440	
145	389	357	356	167	166	165	374	365	364	341	340	342	343	343	179	178	179	188	189	363	362	363	285	264	368	264	195	366	253	249	253	254	360	251	250	263	252	251	298	290	293	346	344	345	293	295	288	318	280	318	319	320	300	300	309	225	308	223	288	348	350	221	358	221	222	223	224	436	286	315	315	316	287	322	289	287	288	278	299	227	300	296	296	305	303	302	300	313	313	315	245	186	204	205	204	203	208	205	203	436	199	202	200	436	436	208	212	213	214	205	206	297	293	294	295	252	294	179	180	192	440	195	188	441	443	188	439	
359	352	290	291	289	287	355	366	373	374	375	341	341	342	180	180	179	180	188	189	381	364	257	256	265	256	257	196	193	192	191	253	252	255	250	250	252	254	255	344	305	273	344	344	343	293	294	296	292	317	291	317	281	321	301	310	308	224	348	224	294	291	220	221	356	223	359	437	384	383	285	316	317	316	290	285	288	289	290	291	292	299	295	292	304	233	449	314	316	243	243	244	187	246	245	246	208	207	206	207	204	201	202	437	438	213	212	211	213	207	215	293	298	293	294	295	396	253	178	179	195	194	441	442	190	191	188	187	
363	362	291	292	288	290	286	362	374	373	376	342	339	297	179	181	185	187	190	189	190	255	365	256	255	266	193	258	195	192	192	194	252	266	251	251	253	253	264	264	272	345	274	345	344	290	292	250	284	288	316	290	318	303	322	306	269	269	273	349	350	293	294	357	358	358	440	385	382	286	317	396	319	320	289	289	286	301	229	225	300	299	290	291	292	316	232	316	315	246	242	252	252	188	240	239	203	242	208	206	202	203	201	200	211	211	213	213	212	212	208	216	294	295	213	395	254	397	179	178	193	196	193	191	192	189	195	193	
362	363	293	163	293	285	357	358	361	375	361	296	295	296	298	299	182	184	382	383	381	254	366	257	256	256	257	196	259	260	193	193	254	265	266	266	254	251	273	270	271	305	306	257	259	345	249	285	283	284	319	291	317	318	321	307	270	274	270	274	363	293	292	225	357	359	360	386	440	277	318	397	293	284	289	288	300	228	228	301	296	300	292	292	317	319	317	316	252	243	245	246	251	251	245	240	204	206	208	207	203	205	201	206	210	214	205	213	205	297	178	207	178	212	212	181	179	178	177	194	180	180	181	190	191	190	192	194	
363	361	364	294	294	286	287	358	288	360	376	295	386	297	386	387	186	381	383	382	255	382	265	258	193	256	255	256	192	192	196	254	266	255	257	256	252	254	271	272	262	270	304	304	256	267	269	250	286	320	259	318	319	322	276	322	307	271	267	275	346	362	359	224	359	358	402	361	440	401	278	396	287	285	283	301	289	229	229	230	297	297	293	297	318	296	294	253	245	244	245	251	250	250	241	241	205	207	201	208	208	206	207	207	212	205	204	204	202	206	296	212	214	178	177	176	180	179	195	180	179	181	191	189	192	191	193	193	
355	354	165	360	360	365	367	288	286	361	361	293	298	385	375	383	382	380	383	385	267	256	264	194	192	194	270	192	191	270	255	253	256	265	269	257	255	256	255	263	269	270	264	258	259	266	257	268	254	258	392	257	258	322	307	272	272	268	266	364	363	364	363	358	359	359	397	401	442	402	398	397	282	282	303	302	303	270	269	258	300	295	296	297	298	297	297	246	245	312	246	244	248	249	242	202	203	200	203	207	207	208	207	210	370	371	203	201	202	203	213	209	213	297	296	297	295	297	178	177	184	180	190	195	194	194	192	193	
336	362	361	359	359	366	368	367	287	291	362	299	294	384	305	376	307	383	386	266	257	265	265	191	267	196	265	264	269	196	195	270	269	268	213	264	256	257	267	302	303	304	262	263	294	258	258	259	255	393	393	391	403	259	257	266	271	273	274	361	360	270	364	376	376	399	398	402	404	397	284	282	281	225	283	304	295	291	270	273	299	299	297	299	299	297	298	246	298	311	247	243	245	252	250	243	200	205	204	202	262	261	208	371	209	369	370	203	204	202	210	299	210	296	302	301	298	296	298	183	185	192	194	194	193	193	194	195	
336	335	363	360	359	369	288	365	292	293	362	364	385	385	384	308	308	309	388	387	265	265	261	266	197	196	194	263	197	198	207	270	203	212	207	272	257	270	304	303	273	302	263	293	294	261	270	261	260	256	392	392	393	260	257	258	265	272	272	362	268	269	271	375	375	399	400	401	403	403	283	282	224	285	284	304	305	294	274	272	298	298	298	298	297	297	297	297	298	247	246	244	152	251	252	164	244	245	203	204	256	257	260	208	210	209	369	371	203	204	292	299	298	389	390	302	298	297	390	189	194	193	193	195	194	192	195	196	
336	337	336	361	399	288	364	362	363	364	363	378	386	383	308	385	386	387	386	388	266	199	263	265	264	265	268	267	260	208	208	206	204	205	206	269	268	269	304	303	273	272	265	264	295	262	260	257	259	260	259	262	266	258	259	259	267	273	273	269	269	364	362	363	359	401	400	208	285	226	283	227	225	226	236	305	242	275	242	297	300	299	269	297	296	298	300	301	244	299	248	249	250	151	253	254	251	202	246	263	258	261	263	261	212	208	367	368	288	299	300	298	390	388	302	301	393	182	393	391	190	194	192	193	194	184	183	182	
341	337	341	399	398	339	398	364	365	361	380	379	362	362	384	385	384	293	307	297	198	387	291	264	312	265	267	267	266	213	207	207	266	212	211	269	269	304	307	270	271	303	263	292	293	263	265	261	261	259	287	263	259	406	267	268	268	397	398	277	365	277	361	363	360	360	207	211	377	230	231	232	238	226	238	237	244	241	302	269	299	300	407	300	298	299	301	252	242	249	245	250	150	251	162	163	250	252	261	262	167	256	211	210	211	240	240	240	300	291	298	293	292	303	386	394	182	392	393	392	392	393	195	193	194	195	182	184	
340	397	340	397	400	397	336	366	367	354	380	382	361	360	383	383	384	389	298	296	196	292	292	311	268	267	266	265	265	268	265	208	215	215	210	211	270	271	306	305	304	272	293	296	294	304	303	288	287	286	287	395	265	264	405	397	400	396	401	276	277	278	278	363	363	361	208	212	229	229	229	229	237	230	236	237	243	243	301	270	244	248	249	300	299	300	301	312	248	248	249	151	149	151	152	161	251	262	165	164	243	166	167	263	261	262	241	239	240	299	300	302	304	302	390	385	299	298	394	393	393	195	196	194	245	183	183	182	
398	339	341	398	398	337	365	367	355	353	381	360	362	360	382	384	388	390	297	299	300	307	306	302	267	266	267	265	266	267	267	266	214	216	267	266	269	272	270	268	269	305	297	307	295	305	304	277	262	288	261	398	284	400	401	399	397	400	278	277	279	280	281	282	364	364	365	364	230	230	228	238	231	231	229	231	244	242	299	243	247	402	247	406	301	300	311	311	255	247	249	251	150	151	161	154	154	166	167	164	167	166	256	257	261	289	288	241	240	300	242	302	301	303	390	389	391	387	389	391	392	197	242	245	244	182	182	182	
399	399	367	368	399	355	355	354	351	357	357	361	384	385	390	300	389	298	300	300	262	301	306	301	269	208	269	267	320	266	265	220	219	272	273	270	267	270	270	269	308	309	308	308	296	298	280	260	279	260	292	397	283	399	402	400	398	399	400	278	278	213	365	364	215	365	365	231	231	229	373	229	231	230	370	370	371	237	243	244	403	246	248	405	406	302	303	310	240	249	404	151	159	161	153	153	155	162	164	165	168	241	256	255	290	170	289	369	368	241	371	300	300	378	304	391	388	390	393	392	393	241	394	183	182	245	181	181	
400	366	367	368	400	191	372	353	371	356	370	383	366	365	366	260	301	390	314	261	312	305	304	305	292	268	270	270	319	320	266	268	218	220	221	268	269	223	223	293	307	304	307	307	297	309	281	261	259	272	291	398	209	210	403	404	400	399	396	397	208	208	365	366	365	366	364	232	243	372	230	230	236	231	371	237	236	239	253	244	245	243	402	406	405	303	303	241	241	405	403	160	161	160	161	154	155	163	164	163	242	253	256	291	171	169	169	380	242	379	245	245	301	377	305	306	386	387	388	390	387	394	184	392	183	261	245	247	
367	188	188	368	189	401	371	371	373	374	369	368	366	366	366	368	261	261	315	313	305	306	307	305	306	271	272	320	312	320	267	220	219	212	221	269	221	222	224	294	304	303	307	309	308	309	281	260	286	260	290	291	211	211	208	396	397	403	399	209	207	209	207	214	367	215	367	242	215	368	231	234	231	235	236	239	233	235	240	406	405	244	242	404	406	304	242	242	240	249	242	161	237	244	161	248	243	156	236	237	165	256	254	250	251	252	168	379	380	244	375	244	245	378	306	306	388	393	391	391	391	388	395	392	260	239	246	247	
342	189	369	369	190	372	372	370	375	372	373	368	367	305	368	368	262	262	211	210	210	306	306	319	320	272	318	321	311	321	269	268	216	214	215	220	223	224	225	220	305	304	293	305	310	309	288	285	287	288	309	291	292	212	210	404	402	398	400	209	209	211	214	213	214	213	214	214	215	232	272	232	233	408	238	240	240	241	236	241	245	252	254	243	250	404	313	395	241	241	166	165	405	244	246	247	248	242	157	164	164	259	259	257	252	252	168	374	375	245	377	376	383	384	384	388	389	392	390	391	389	392	393	241	240	247	261	237	
187	370	192	368	373	191	373	368	356	370	357	366	306	368	306	261	259	312	263	211	317	317	318	319	320	316	319	320	216	214	216	215	216	222	214	220	302	220	294	306	294	295	305	292	306	295	287	286	287	310	292	290	293	213	211	403	404	399	208	209	427	210	423	391	392	213	213	215	216	247	243	244	232	239	240	239	263	241	237	246	251	406	253	408	402	403	396	396	394	402	403	404	237	247	245	241	238	241	243	163	258	167	258	252	251	253	373	373	374	374	246	248	385	385	384	393	389	387	386	383	384	387	242	241	240	259	238	239	
341	192	193	189	367	194	355	354	369	355	358	367	311	307	369	307	248	260	261	210	264	316	317	320	321	318	321	322	216	215	216	216	219	439	440	219	219	220	330	295	332	292	291	292	293	296	283	287	292	291	289	291	292	209	208	404	406	407	408	427	426	426	211	215	216	393	243	244	215	243	245	419	251	233	241	240	241	242	255	408	407	407	407	407	409	397	399	403	395	395	244	405	236	247	240	239	242	239	240	241	166	165	168	259	252	253	378	372	373	374	247	249	384	385	394	381	386	390	384	385	251	252	250	251	242	239	261	259	
192	342	341	208	195	369	356	356	355	440	440	357	311	423	422	308	246	308	307	209	211	318	317	322	319	218	320	310	217	315	313	219	218	215	220	266	218	295	294	306	293	304	306	308	307	286	287	286	291	292	292	292	292	289	289	220	408	402	215	427	421	217	216	216	205	394	242	242	242	243	420	248	420	250	400	319	243	244	252	254	407	408	405	406	410	409	409	409	393	396	408	245	246	242	246	243	244	245	167	167	167	168	168	167	253	254	377	376	374	248	250	246	396	386	387	385	389	388	387	386	387	391	248	249	262	240	240	260	
192	343	193	194	207	358	209	435	372	441	439	308	307	424	360	247	309	308	309	241	243	318	323	318	199	217	321	316	313	312	214	210	216	266	216	219	265	296	303	325	326	303	307	309	309	307	285	290	292	290	291	210	210	210	288	289	219	419	212	214	203	202	203	204	216	217	242	241	247	251	421	420	249	320	318	316	256	253	252	252	252	255	405	404	407	404	408	394	404	409	409	407	408	243	245	399	244	168	169	166	164	169	373	375	252	254	378	376	377	373	243	374	375	386	381	381	382	248	387	385	252	251	386	386	263	242	240	241	
195	192	205	207	357	208	437	210	434	438	309	362	361	422	422	359	356	246	246	246	247	248	320	199	218	200	201	254	314	316	209	210	217	267	218	220	220	297	325	324	323	306	302	310	286	290	289	287	293	290	291	210	291	209	289	290	420	409	421	422	427	203	294	204	410	218	410	248	250	423	421	422	415	319	317	317	318	255	252	253	253	254	255	411	405	407	403	403	395	398	409	408	244	244	246	398	406	401	402	167	373	374	376	374	375	253	376	377	378	244	242	243	391	379	378	377	248	247	387	379	247	388	385	387	179	310	267	249	
193	193	195	206	208	209	209	436	435	441	310	423	363	362	423	357	360	247	248	247	305	321	321	199	318	318	325	324	318	257	318	443	443	219	268	221	265	219	265	324	308	307	307	303	285	445	285	286	285	290	288	287	288	290	290	288	440	408	441	408	292	426	427	205	420	409	249	251	424	422	423	414	319	412	411	411	316	316	317	256	257	254	255	406	410	409	410	396	397	397	398	411	401	411	399	399	405	407	238	239	375	240	241	256	255	375	376	377	378	244	243	250	390	380	376	377	249	250	378	388	388	386	389	178	388	266	248	250	
210	209	195	432	429	432	206	207	439	438	438	423	422	423	363	358	424	423	314	314	322	312	315	322	243	244	317	323	324	317	443	442	330	262	307	264	265	264	265	264	325	326	308	444	445	286	444	288	284	286	285	286	291	291	440	291	439	440	442	290	291	428	291	421	414	250	409	425	418	419	424	320	317	318	317	410	315	317	318	318	257	256	257	411	324	324	397	398	398	398	412	410	410	402	405	404	323	322	408	409	324	325	326	253	257	376	377	377	376	245	249	375	378	377	376	375	378	377	247	391	389	295	296	178	265	267	251	249	
207	210	431	432	431	372	206	207	437	437	439	359	440	450	442	359	359	309	314	313	308	309	461	245	205	204	318	322	325	325	444	445	329	330	439	436	263	264	263	445	444	444	443	445	443	444	287	267	287	287	289	290	291	441	439	290	439	440	285	290	289	291	291	289	290	415	410	408	250	426	250	418	318	318	412	409	316	319	321	441	443	256	257	323	321	323	249	321	245	399	249	411	286	403	405	324	322	409	326	324	325	324	327	328	254	367	367	376	295	248	249	378	249	377	376	249	378	390	378	392	298	296	179	177	179	307	252	308	
207	206	433	430	431	371	207	442	363	436	437	360	450	441	442	421	247	421	310	309	309	426	312	313	455	456	455	319	258	328	446	257	331	332	438	437	330	263	264	443	443	443	445	444	449	446	447	448	288	269	288	290	291	291	440	440	440	286	288	291	292	293	294	295	244	411	249	408	251	249	414	320	319	319	410	411	320	315	320	321	441	321	438	324	324	247	248	244	245	247	248	248	283	285	404	407	323	325	324	324	325	326	328	253	363	366	366	296	257	256	247	375	377	378	377	390	248	377	393	394	295	296	248	249	248	308	253	309	
210	210	429	432	429	430	208	204	443	362	436	439	441	441	424	421	420	425	426	311	310	311	313	314	456	454	455	257	320	261	256	258	258	259	438	439	331	330	264	265	442	444	445	446	442	448	447	289	271	270	291	294	292	290	440	439	286	439	292	293	291	292	294	293	290	250	248	250	248	249	420	415	419	320	419	418	412	314	441	439	440	441	440	326	323	247	246	244	248	248	247	284	284	284	405	405	406	324	325	322	323	329	368	255	364	367	365	378	367	297	297	378	378	377	379	389	378	393	378	394	187	396	297	247	248	309	254	314	
211	211	430	430	431	374	205	205	435	438	438	442	441	441	440	425	424	310	462	457	458	309	458	460	460	260	262	261	258	262	332	257	259	261	260	439	330	434	436	441	442	443	445	448	449	448	154	289	288	272	271	294	295	287	291	287	440	292	290	293	290	289	292	294	293	251	249	326	251	248	248	419	323	418	419	420	417	443	442	440	440	439	440	325	444	445	245	245	249	248	321	326	409	408	406	406	406	407	254	323	361	330	367	254	256	366	257	252	253	294	296	377	364	353	390	380	396	394	198	199	395	190	189	190	190	312	313	312	
212	212	212	431	436	432	375	436	436	435	439	443	442	439	442	443	311	312	461	462	310	310	461	459	261	261	263	198	464	259	330	331	331	331	440	261	438	437	438	328	329	457	446	447	441	155	449	152	288	272	437	439	294	289	290	292	291	291	292	295	294	294	293	293	294	412	413	250	325	324	320	322	320	418	421	420	444	418	444	445	317	326	325	326	445	246	447	324	246	249	325	326	327	407	407	262	322	323	322	255	367	368	331	256	367	366	255	256	251	254	364	363	378	352	353	391	395	196	201	396	202	191	188	189	188	190	313	313	
213	213	432	207	432	437	435	437	444	439	438	439	449	449	451	441	452	313	461	461	315	462	460	462	460	197	197	260	261	463	464	435	335	435	436	328	438	440	441	442	463	446	445	447	446	152	153	160	153	154	438	436	290	288	291	308	304	294	292	294	295	295	286	287	296	414	251	415	414	322	321	319	319	320	420	421	445	413	319	318	422	318	317	326	446	448	448	323	323	324	319	320	322	323	322	263	323	324	256	255	254	267	367	257	368	257	366	254	254	253	291	364	364	365	293	354	195	200	201	184	397	203	190	189	189	299	315	312	
208	216	207	433	442	434	438	438	438	439	456	454	448	450	456	452	451	451	310	316	313	470	317	461	199	198	197	261	464	262	261	437	334	336	329	437	438	441	464	463	463	464	465	444	447	153	159	159	436	155	290	411	435	292	305	306	302	303	293	305	288	285	296	295	417	415	415	414	321	320	323	318	323	323	324	413	426	315	429	320	423	316	315	199	197	325	323	322	324	200	323	319	325	200	324	324	324	324	269	267	268	269	366	272	256	366	366	253	253	368	363	304	339	294	295	196	355	196	185	398	398	399	191	302	302	302	303	190	
209	208	440	441	440	436	435	446	447	445	454	449	450	451	453	455	463	450	448	317	312	313	469	200	472	198	198	264	263	263	435	436	158	335	438	439	442	328	327	465	466	465	454	160	444	161	154	158	154	153	154	410	308	307	306	306	305	306	289	288	308	289	296	416	417	416	411	416	321	414	320	319	319	323	322	323	414	422	421	420	319	203	202	200	196	202	200	322	199	325	201	321	320	243	201	203	325	325	268	269	271	270	271	369	368	365	366	254	365	364	303	302	303	304	197	356	201	198	186	187	197	399	303	190	301	191	190	304	
209	210	213	440	437	445	444	446	448	433	451	450	451	449	452	464	462	451	449	449	312	313	199	201	199	199	464	464	268	264	438	437	159	451	440	443	451	452	453	331	464	463	464	162	159	160	162	442	159	154	436	309	308	410	411	308	307	308	307	307	287	290	415	420	419	419	415	416	415	321	320	283	323	322	321	321	430	315	421	321	320	320	318	203	201	320	321	200	198	198	242	241	243	202	202	261	260	261	267	270	270	269	364	371	370	363	263	365	255	306	366	340	303	204	306	205	202	202	187	196	197	196	290	302	190	191	190	305	
213	212	214	437	438	452	445	446	436	450	450	449	451	432	463	464	457	449	450	447	314	451	469	198	197	465	466	198	267	266	331	332	318	160	162	164	450	454	332	329	330	450	163	449	161	160	161	162	441	437	439	437	411	454	455	448	305	308	307	308	307	306	322	318	418	416	280	279	283	281	282	322	320	320	427	426	426	431	446	445	443	321	203	202	202	322	198	199	197	199	242	243	242	243	243	262	261	266	260	265	271	269	368	370	371	261	262	366	368	309	368	304	305	341	342	342	204	203	203	186	197	289	197	190	192	189	192	189	
438	214	213	439	453	432	432	433	451	437	450	460	433	433	465	464	453	452	448	452	450	451	195	199	466	466	197	467	457	453	332	454	319	318	163	159	164	455	329	329	330	452	451	162	450	312	163	461	457	443	438	439	439	307	453	455	306	306	306	308	319	321	321	417	417	322	281	279	282	282	325	326	321	321	317	201	200	430	315	446	447	446	174	322	323	322	194	200	199	198	243	194	241	245	243	242	261	259	261	367	367	268	368	368	369	370	263	367	308	371	369	300	298	340	341	341	205	206	204	201	187	198	291	190	191	193	190	190	
439	215	214	454	453	431	447	436	434	436	450	461	463	434	458	452	451	450	449	451	449	454	454	454	197	463	467	453	456	331	452	453	453	164	164	163	164	329	307	452	332	452	451	450	313	312	163	461	460	442	156	440	308	166	165	454	448	307	321	320	321	322	320	322	321	319	323	420	281	283	326	326	306	322	202	201	318	317	199	316	445	446	174	324	175	195	199	200	201	199	197	240	246	240	244	243	259	260	262	368	264	463	463	369	389	461	368	264	371	370	401	402	299	300	341	342	297	299	298	294	344	186	292	189	188	191	193	192	
440	426	426	453	452	432	448	448	449	450	457	451	463	435	457	451	463	465	450	448	450	468	453	195	196	196	469	453	452	451	453	453	454	452	162	452	453	306	335	306	451	452	453	452	309	461	460	461	462	157	155	157	453	452	451	166	310	322	308	324	325	326	321	323	320	473	328	327	284	332	327	307	306	307	308	319	202	200	317	316	191	174	173	175	198	195	196	198	392	198	392	461	462	241	241	244	382	260	260	263	387	462	355	356	461	369	265	403	371	345	403	300	300	258	259	340	341	296	297	345	343	186	185	186	187	188	191	192	
425	425	427	454	454	458	433	449	451	450	456	452	464	464	206	464	464	465	464	465	451	451	451	453	197	459	197	470	471	454	457	454	454	454	453	163	164	446	336	309	449	161	452	310	307	308	167	166	327	156	326	325	159	453	454	167	450	309	325	323	323	324	319	320	474	471	472	473	329	330	331	321	321	309	309	310	192	191	201	191	190	188	187	197	198	195	197	197	384	391	199	268	246	381	380	242	263	261	262	264	388	388	463	356	275	266	389	403	402	344	404	363	301	260	259	341	339	294	341	295	296	296	187	187	189	190	296	296	
432	433	431	426	429	459	434	452	452	206	450	457	206	205	469	471	465	450	465	470	451	450	452	198	469	458	458	472	466	465	453	456	208	207	449	454	447	448	447	308	310	451	311	308	309	164	166	328	324	326	164	165	326	450	451	450	452	313	451	324	322	328	328	318	472	288	472	465	466	465	328	329	320	321	322	311	192	202	309	427	193	176	196	198	382	383	383	383	383	200	200	391	267	266	243	264	393	263	393	268	267	389	355	388	273	276	402	403	269	404	362	362	258	258	261	305	304	294	294	295	294	296	188	190	190	293	295	296	
434	431	430	419	420	430	433	458	458	449	430	207	206	205	206	209	454	454	451	452	450	216	216	453	459	470	457	455	456	457	457	452	453	206	451	449	451	448	449	311	307	159	312	310	165	165	167	167	329	166	165	163	451	452	168	169	451	312	450	325	325	329	316	321	322	468	467	468	410	329	320	321	320	312	322	310	193	306	428	310	192	331	329	328	381	380	200	382	201	201	200	201	390	267	383	394	264	392	394	274	388	356	357	274	273	275	339	342	404	403	363	260	259	349	259	303	268	293	293	293	296	293	294	189	191	294	294	298	
418	417	418	421	421	431	434	434	460	449	429	203	445	207	208	453	451	454	453	451	449	451	454	460	461	217	216	455	456	464	453	210	209	207	452	211	450	449	159	449	312	159	171	311	164	165	166	166	167	168	165	450	167	454	170	333	452	452	313	320	330	326	320	321	469	317	409	409	411	324	468	322	320	321	308	323	311	312	307	308	329	330	332	329	329	382	384	383	377	202	375	389	391	391	389	392	384	393	275	387	273	388	272	273	274	390	270	271	258	404	342	343	260	262	348	304	299	347	348	294	294	294	295	191	190	293	297	296	
420	423	418	438	436	438	438	460	445	450	451	430	445	444	445	454	450	456	457	450	452	449	450	462	461	215	216	465	456	457	465	466	156	158	158	210	450	451	452	160	160	158	165	170	164	167	166	165	164	448	449	170	168	168	332	334	451	324	453	320	320	321	320	321	315	316	410	469	412	467	323	467	323	314	309	310	313	306	197	196	195	333	300	330	330	332	301	301	203	376	385	385	393	390	393	385	388	387	390	266	387	388	273	272	388	389	391	260	405	399	400	261	261	263	262	305	348	298	295	297	297	295	295	296	192	294	189	298	
422	423	421	421	437	437	438	447	448	433	434	445	445	444	446	450	451	455	448	451	449	450	450	217	214	463	465	464	464	466	465	208	209	157	156	158	159	158	159	156	165	166	167	168	169	165	169	165	168	172	447	156	169	156	156	333	334	454	326	323	320	321	318	322	321	320	411	467	470	324	406	406	324	310	313	313	307	307	329	309	197	301	299	326	331	332	300	201	382	202	384	392	391	381	384	387	386	391	383	384	381	386	384	389	396	392	393	394	400	401	262	263	366	366	263	296	299	298	297	296	296	296	296	297	298	354	295	188	
423	422	423	420	422	436	432	448	432	434	444	430	445	446	453	452	449	454	452	450	452	450	216	217	219	466	467	466	465	466	464	466	207	158	157	158	157	158	157	160	164	168	169	163	171	168	166	167	167	168	448	155	337	155	335	334	160	325	327	323	331	321	319	319	313	406	321	322	323	324	410	405	311	314	312	323	310	310	311	310	329	307	302	303	327	301	201	200	302	201	201	383	385	382	388	388	391	384	393	382	385	386	385	386	396	395	393	401	400	409	263	365	264	365	366	298	299	295	298	352	353	354	172	362	176	177	176	189	
422	441	440	439	435	432	430	431	432	447	446	447	448	447	453	446	455	456	453	456	457	217	218	454	216	218	165	467	218	219	463	161	162	467	466	159	159	164	158	162	169	165	164	170	173	173	168	167	172	176	156	157	154	336	337	159	160	161	326	337	338	313	335	320	321	322	405	323	320	411	410	404	405	313	315	308	309	313	314	301	311	312	310	309	328	326	302	301	199	200	194	384	383	392	384	395	392	394	383	385	386	386	389	386	397	395	394	401	396	410	408	393	364	355	368	297	299	272	296	273	354	355	356	361	174	358	194	193	
423	442	441	441	436	436	431	439	439	440	418	446	424	457	446	454	447	456	455	456	452	457	458	454	218	220	217	221	219	464	197	209	211	163	162	163	162	164	165	164	163	166	163	171	172	174	164	171	172	157	178	158	158	318	325	158	162	161	398	338	339	334	312	313	323	323	312	320	319	409	411	406	407	408	307	310	314	314	310	301	311	310	307	327	327	324	302	302	302	195	195	195	394	393	394	397	396	384	384	385	386	383	402	387	403	405	396	410	409	407	394	356	396	367	356	296	291	269	297	363	356	356	360	356	356	357	359	194	
443	442	443	442	447	441	442	438	439	419	447	443	423	452	452	454	453	453	457	452	456	458	459	221	219	220	218	220	220	198	194	210	210	160	159	161	162	161	466	162	163	172	161	164	165	164	168	172	170	176	178	171	159	160	161	324	156	155	397	398	408	311	410	324	310	311	312	320	321	410	407	401	309	314	309	313	311	315	316	309	309	301	328	301	326	192	325	326	303	196	385	187	383	386	395	409	408	385	385	383	384	384	381	403	404	403	406	410	408	395	362	411	192	397	398	368	263	272	364	362	364	361	357	355	364	365	360	195	
416	443	413	445	446	411	440	439	440	443	437	442	452	451	451	209	207	454	454	457	451	452	454	222	221	218	219	222	221	197	196	195	198	198	162	160	159	161	161	162	171	162	165	163	168	169	167	179	171	177	183	177	183	160	162	161	156	397	396	407	312	409	411	410	311	312	310	312	402	401	402	405	406	308	313	309	311	312	314	304	310	302	302	201	193	191	192	195	194	197	197	384	188	395	394	307	389	388	389	384	385	386	380	380	382	403	407	409	407	409	410	361	192	191	263	192	370	369	363	363	365	365	356	359	363	365	431	432	
413	412	414	415	411	445	423	422	414	442	445	446	443	442	450	208	210	455	457	455	458	455	457	455	221	220	219	196	222	195	194	193	196	467	159	467	468	162	162	163	163	169	164	171	169	167	176	175	178	179	181	182	178	402	162	331	399	397	396	313	411	406	407	412	411	311	253	311	403	402	403	403	311	314	307	313	314	310	310	303	303	304	195	195	200	201	197	193	198	196	188	189	187	307	395	306	397	389	395	396	408	380	381	381	383	384	410	408	408	410	411	411	369	192	262	263	193	402	402	362	362	366	358	364	364	363	363	433	
413	411	413	415	410	424	413	413	415	416	444	444	447	453	449	209	353	352	456	459	456	456	456	457	207	333	332	220	332	223	202	202	195	200	162	469	205	469	450	428	169	167	430	169	170	169	176	181	179	180	180	182	402	401	164	330	331	400	398	404	406	410	411	412	256	257	254	407	402	404	402	408	311	310	312	311	315	315	316	317	304	196	194	203	202	200	196	194	194	195	186	308	188	308	306	307	389	405	390	397	408	409	265	382	385	382	383	407	413	412	414	413	368	193	193	261	262	401	401	364	363	367	363	363	364	364	365	364	
412	411	414	411	411	412	413	412	446	449	417	443	150	151	333	450	354	353	355	457	457	209	208	206	208	333	335	333	335	335	197	196	201	199	200	163	470	449	449	429	427	170	170	169	171	429	430	180	345	178	179	346	326	165	165	327	397	332	333	399	407	407	411	413	256	315	404	403	405	409	410	406	407	408	311	312	316	317	411	305	318	193	192	195	203	196	201	195	329	330	331	310	309	306	305	302	408	407	406	407	408	409	264	268	404	384	413	412	408	413	412	414	405	261	262	402	265	266	365	439	365	364	365	439	215	215	216	366	
409	410	325	325	413	324	322	447	448	445	444	151	444	151	332	151	451	452	458	458	458	459	457	207	196	197	199	337	334	202	194	167	200	200	167	451	164	448	175	177	216	428	172	173	173	430	431	430	431	344	347	401	325	166	326	327	405	408	407	255	333	412	258	255	259	258	407	407	405	409	408	407	407	305	318	317	317	410	304	306	306	204	202	203	196	197	195	407	334	334	334	310	309	308	306	305	285	408	408	398	266	267	267	385	405	403	404	183	184	412	406	405	415	404	403	264	403	403	366	194	366	187	436	438	214	213	367	209	
411	324	324	323	327	323	323	448	446	445	446	445	150	331	152	151	152	152	149	355	460	461	458	458	209	199	198	199	338	195	168	166	200	202	166	212	451	177	176	451	217	216	174	173	431	174	429	430	432	431	345	403	347	326	327	405	404	337	407	254	334	257	256	260	261	257	258	408	418	406	408	408	408	319	359	317	317	391	411	305	306	197	203	201	198	194	196	406	333	335	333	310	311	312	311	190	306	279	310	398	264	265	266	386	387	388	406	409	183	414	194	404	403	193	402	402	404	404	367	193	195	188	186	437	215	215	213	214	
447	446	325	326	322	324	322	323	449	152	152	151	331	330	333	149	152	150	148	149	462	461	459	459	210	211	327	162	163	164	162	167	203	335	213	452	453	219	220	177	158	217	175	432	432	431	428	431	432	405	404	346	404	328	408	407	405	231	230	336	335	336	337	259	259	262	262	260	419	407	407	358	411	358	412	316	318	410	390	387	198	204	196	199	195	197	407	333	405	406	336	188	187	188	191	189	280	192	311	265	399	287	267	267	284	389	188	181	180	194	406	407	408	194	401	403	405	186	271	194	428	193	428	429	216	428	216	214	
447	447	450	449	450	323	323	331	450	146	424	332	332	331	334	148	151	426	147	204	150	342	208	460	214	213	337	163	161	163	163	166	162	163	214	215	453	157	220	221	155	433	430	431	430	431	430	432	405	404	406	403	405	405	407	406	339	411	335	415	261	261	259	258	261	260	261	261	418	419	420	320	357	317	411	410	318	308	308	320	388	205	407	198	201	202	203	200	405	189	188	190	189	284	283	187	284	281	266	266	286	285	284	287	286	392	409	187	186	187	193	407	408	406	407	404	405	185	187	272	273	194	194	428	212	211	208	209	
448	416	457	417	322	451	324	332	146	145	423	333	333	336	335	336	147	427	149	205	343	205	207	328	461	338	328	327	326	162	167	162	161	452	216	166	433	156	157	158	154	155	432	431	432	343	433	337	336	336	405	406	350	351	405	408	403	410	336	262	261	260	259	259	258	262	321	262	419	312	311	421	319	412	412	412	414	307	319	363	409	408	414	413	199	200	407	406	408	407	410	187	190	283	188	283	280	282	285	284	267	281	282	283	284	286	410	410	188	189	398	406	190	191	408	407	408	186	270	268	270	428	427	428	429	209	208	209	
449	417	456	416	417	452	325	325	147	146	422	424	426	336	145	337	146	147	428	148	206	207	343	342	343	342	343	327	339	163	339	338	453	342	343	165	432	155	432	153	154	338	428	424	344	344	342	336	335	335	404	404	349	405	405	404	409	404	406	407	415	258	413	415	414	413	320	418	418	421	312	328	326	318	319	413	311	370	320	362	363	391	409	393	296	296	402	407	408	409	408	409	186	183	283	284	313	281	311	282	268	283	397	285	286	287	285	284	190	187	185	402	192	193	409	409	187	186	198	269	271	428	434	200	203	433	210	211	
421	420	417	417	416	453	416	333	334	422	147	425	146	144	429	146	229	230	149	429	208	209	210	344	343	329	330	329	328	338	338	337	339	340	341	429	156	157	156	154	155	336	337	345	345	345	338	407	335	334	403	348	349	350	405	408	410	409	405	406	413	412	259	416	417	416	321	419	421	420	329	330	327	331	330	320	321	369	364	367	363	406	201	201	405	295	403	297	298	193	410	187	188	187	184	310	282	310	285	283	284	269	284	396	286	287	286	286	188	186	399	400	401	187	407	406	185	200	197	270	435	434	199	435	202	203	211	210	
454	421	418	417	418	417	334	327	328	424	423	424	145	146	145	428	228	229	149	150	206	209	344	336	328	328	329	330	329	329	340	338	168	167	430	430	428	157	155	155	156	338	337	342	346	347	408	337	406	405	335	407	351	352	406	407	409	410	407	407	414	413	414	258	415	416	417	309	422	330	325	326	330	331	329	322	321	370	368	365	368	401	402	403	406	406	407	297	298	194	189	188	189	188	283	185	311	311	284	313	285	285	285	285	397	287	287	285	287	400	400	401	402	408	407	186	184	185	200	199	198	200	436	200	434	435	434	435	
