394	393	393	405	407	409	408	411	392	393	394	395	392	393	390	271	270	289	288	289	286	285	285	290	283	290	277	278	285	277	274	288	287	277	284	283	292	294	284	287	286	366	365	361	362	364	363	363	346	349	348	349	349	268	267	268	265	265	266	266	269	259	257	258	259	260	271	527	526	277	528	284	283	284	285	460	461	282	283	281	283	284	461	286	458	448	448	449	454	452	454	459	460	460	456	456	462	462	462	464	448	448	464	465	466	564	557	556	567	568	555	559	558	556	557	558	559	558	557	558	488	487	483	486	497	495	500	501	
408	392	405	394	406	408	410	410	412	391	392	392	392	392	391	393	290	291	287	266	289	286	291	286	291	291	292	277	284	277	277	279	289	276	277	278	369	293	283	287	358	359	360	362	365	362	362	363	363	350	350	349	348	349	269	267	266	264	265	266	264	258	259	258	272	260	272	520	527	275	276	529	535	537	536	462	460	462	283	282	282	460	284	285	457	459	449	448	447	448	458	458	459	461	455	456	461	462	463	449	449	447	448	467	565	566	564	566	560	568	560	556	559	558	557	558	555	556	559	486	487	486	485	484	487	497	496	499	
409	405	406	408	397	396	397	391	411	392	393	392	391	391	392	391	266	267	264	265	288	296	283	285	295	282	278	278	285	293	292	278	376	286	283	370	294	292	288	284	357	357	358	364	367	363	365	363	364	351	349	351	275	275	268	270	268	267	268	263	262	259	262	259	274	271	521	528	519	275	277	278	531	534	535	280	463	463	283	465	460	285	286	459	458	458	453	448	459	457	456	458	460	458	457	456	462	461	450	464	449	448	450	446	468	566	566	565	564	562	569	564	557	558	559	559	484	558	561	484	485	488	489	489	493	498	496	496	
410	406	409	407	396	395	397	412	393	393	391	394	393	393	393	395	269	268	266	265	297	297	295	293	294	295	277	278	281	292	291	291	375	377	290	369	285	286	287	358	362	359	365	359	368	360	360	360	361	356	360	352	269	274	350	276	268	269	268	263	262	261	264	273	272	272	273	274	278	277	275	532	276	535	279	279	283	284	464	461	460	286	287	463	459	461	461	460	458	457	459	457	459	461	457	458	460	459	447	446	449	448	449	447	449	450	559	564	570	565	563	558	557	556	559	487	561	561	560	485	488	486	488	486	496	497	495	501	
409	406	410	408	409	408	394	396	396	392	390	389	392	394	394	394	268	268	266	289	290	291	292	290	291	278	279	278	279	364	366	293	366	366	366	369	368	287	292	367	361	370	372	366	361	369	359	365	357	358	353	345	361	272	350	349	349	350	271	272	264	270	265	273	273	274	275	276	277	276	274	275	537	536	278	278	280	463	462	465	458	461	462	288	460	460	461	453	458	457	458	456	456	458	458	454	460	454	447	447	459	450	450	449	448	567	568	569	559	566	557	562	566	565	569	569	570	561	562	487	486	487	488	489	495	494	496	496	
405	410	411	393	408	397	396	395	414	413	415	392	391	395	393	391	271	269	270	292	291	292	293	292	292	285	286	290	291	367	363	365	365	367	368	370	370	293	288	368	360	371	373	373	373	370	364	366	359	354	346	354	360	362	351	348	348	270	265	263	269	264	285	285	274	287	276	287	278	277	272	289	272	280	284	279	283	463	463	459	458	463	460	463	461	462	455	462	454	458	459	457	457	456	459	454	453	455	455	460	451	452	452	451	567	570	569	569	570	560	561	576	569	568	568	569	568	571	570	488	489	491	490	487	490	496	497	497	
406	411	396	395	409	396	397	396	415	414	416	419	392	421	394	396	393	269	269	292	293	294	292	295	292	292	292	289	290	368	362	364	366	366	293	369	292	375	369	359	366	360	374	375	364	363	365	349	348	349	358	359	349	348	347	354	271	349	353	264	265	265	269	268	275	287	288	269	272	271	276	271	288	283	279	283	282	464	463	462	460	459	464	457	466	457	454	457	459	460	456	458	455	457	455	455	448	447	461	468	469	454	453	457	458	447	448	561	572	572	568	575	570	570	567	569	567	574	571	572	489	572	492	572	574	575	497	498	
407	390	389	389	396	395	397	403	417	416	409	392	420	393	403	407	395	396	268	269	271	272	293	294	296	292	291	297	286	287	282	363	284	295	294	294	374	366	365	358	363	367	370	362	363	367	364	349	349	347	349	349	347	349	347	348	350	348	354	352	266	266	268	274	274	275	272	273	270	272	272	270	289	281	280	281	464	465	464	461	460	459	453	457	456	455	455	456	460	459	461	465	456	466	465	458	450	448	461	462	453	454	455	456	447	446	447	569	571	572	561	570	571	571	570	568	487	493	573	573	571	571	571	572	575	491	493	496	
390	389	391	410	410	412	395	402	409	416	390	390	391	402	408	396	405	407	270	271	270	294	294	297	292	292	290	298	285	286	284	283	364	285	295	375	375	367	359	364	375	362	361	362	366	367	351	352	352	353	352	348	349	350	350	348	347	349	267	267	269	268	267	265	273	276	273	271	271	271	269	271	285	272	282	282	282	465	465	283	455	454	460	457	455	458	456	456	460	465	464	462	466	461	466	460	457	448	447	446	443	444	456	445	446	445	573	566	519	561	569	571	559	561	570	569	488	486	492	491	572	570	493	491	490	492	492	490	
413	396	397	411	413	396	396	392	408	392	390	391	413	400	401	397	397	271	406	407	270	271	270	269	293	289	291	288	287	295	296	284	285	285	372	376	379	359	362	363	363	364	361	362	367	368	352	352	353	351	354	350	350	351	351	348	350	348	350	266	266	267	266	267	273	272	277	272	535	530	271	270	271	286	281	288	283	283	282	454	457	458	458	457	465	465	465	460	457	463	464	466	467	465	460	461	478	445	447	443	444	443	444	446	448	565	572	518	565	566	558	570	560	561	560	573	487	487	567	568	491	573	492	493	483	493	492	492	
397	412	398	398	414	414	393	394	393	410	411	391	399	398	399	405	407	403	270	405	272	272	268	294	270	271	289	289	288	296	294	285	296	286	378	380	380	361	360	363	364	364	365	362	363	368	353	351	352	354	358	351	349	352	349	349	350	351	267	267	353	354	283	267	281	530	275	273	529	530	531	268	269	453	454	287	285	286	455	455	458	458	463	462	464	464	466	462	463	465	467	465	466	459	478	463	463	461	448	446	444	445	445	447	445	446	564	519	520	566	559	557	560	561	551	551	572	555	566	569	572	493	574	575	492	493	480	493	
398	414	399	399	413	415	408	407	394	393	268	412	393	399	400	400	273	274	404	405	271	273	270	293	291	287	288	289	296	295	353	295	351	350	378	379	377	378	375	361	365	363	364	358	351	350	361	354	352	347	346	347	346	347	353	354	350	352	356	353	354	355	356	282	280	267	274	522	521	531	268	270	457	457	539	286	288	284	525	457	459	457	463	461	462	465	463	412	464	463	464	466	467	477	475	479	462	452	462	452	445	446	448	451	452	570	449	450	567	566	562	561	561	562	549	550	549	567	554	555	573	490	556	478	493	478	494	479	
414	414	413	400	413	414	406	395	394	408	397	391	392	274	266	274	273	273	405	406	271	280	274	294	288	293	289	289	352	354	353	354	352	380	379	379	381	376	377	376	377	365	366	359	357	360	351	352	355	356	348	349	353	354	352	353	351	353	355	356	274	268	291	290	291	268	266	265	532	267	267	458	456	540	537	538	539	457	458	458	526	464	460	464	463	463	411	464	453	454	464	454	476	477	476	477	451	452	454	454	451	442	453	448	450	448	449	450	567	566	559	562	576	548	550	548	549	550	549	556	554	555	484	483	477	495	479	484	
398	413	413	412	413	405	407	394	409	409	408	392	275	274	273	274	272	406	356	272	282	286	288	275	287	290	292	293	287	351	350	351	353	354	380	381	378	380	380	378	379	354	359	360	358	361	353	354	356	349	344	343	354	355	355	350	352	352	354	355	356	269	289	270	282	290	282	520	263	268	266	458	459	269	288	539	458	540	541	459	459	459	464	462	463	465	466	466	407	465	451	455	477	453	478	479	452	453	456	455	452	452	456	457	449	487	447	570	569	567	561	575	547	549	548	547	549	548	550	550	554	553	482	481	482	476	480	480	
397	398	400	412	413	404	408	408	410	401	400	274	276	267	268	273	274	354	356	358	284	285	293	292	286	295	294	292	293	351	351	352	353	354	378	377	379	380	381	376	380	380	381	358	359	279	282	281	282	357	345	346	279	345	356	281	353	353	354	357	271	270	271	282	282	528	282	283	519	267	269	459	540	539	538	289	537	545	544	527	528	466	465	465	466	467	468	465	464	466	453	452	465	452	461	453	462	454	456	568	569	453	454	455	487	486	485	573	568	570	568	562	495	549	560	559	549	550	549	551	552	483	473	473	483	477	480	478	
398	414	399	407	408	405	405	411	409	401	266	275	266	401	276	300	355	356	357	284	374	292	372	373	293	378	379	287	358	291	361	362	353	379	369	379	378	378	381	378	377	380	381	360	357	286	280	283	284	358	279	281	346	350	280	354	354	354	355	276	270	277	275	270	271	281	283	284	519	520	269	273	272	539	540	537	532	545	546	467	467	468	464	466	269	465	467	467	466	452	452	472	451	453	462	462	460	461	465	569	570	455	454	456	488	573	572	486	490	573	576	493	494	548	550	570	550	550	551	474	473	474	474	484	485	483	479	480	
399	399	398	399	423	407	415	404	410	411	410	409	400	273	298	299	275	279	283	285	293	373	284	285	378	377	377	288	355	295	360	374	369	379	378	368	379	377	374	373	378	378	379	358	358	358	281	282	268	348	347	346	280	348	349	282	353	356	355	275	269	278	271	282	282	270	283	520	522	532	270	532	273	534	540	536	546	546	547	409	466	465	469	468	470	467	466	468	451	450	451	473	451	450	464	461	464	465	466	570	571	455	456	451	457	566	568	573	491	577	574	492	547	495	571	572	571	557	551	484	473	473	475	476	477	484	477	480	
398	397	398	409	408	422	412	408	302	303	408	409	410	411	357	303	276	358	286	284	374	375	376	377	377	380	284	289	296	354	375	373	380	368	375	368	372	371	374	373	382	360	356	359	360	361	282	282	267	270	271	281	351	349	281	273	283	355	355	270	271	275	282	282	281	280	271	521	533	272	275	271	539	538	535	541	535	536	547	410	530	541	467	468	270	471	467	271	469	269	474	452	472	451	460	462	464	467	463	464	571	459	460	461	563	565	566	567	477	496	575	549	548	546	551	572	560	562	558	559	483	472	475	476	475	476	481	479	
396	399	408	404	404	421	421	412	303	303	410	407	275	358	358	356	304	277	285	375	282	377	378	377	378	379	378	377	378	376	377	300	372	376	371	372	373	375	373	374	367	359	371	356	362	353	353	357	277	348	348	349	350	278	277	278	277	282	275	272	276	274	283	275	271	272	271	271	271	270	273	540	520	538	542	542	537	539	542	529	411	541	469	469	472	269	272	270	268	272	453	452	453	454	461	461	462	460	464	462	464	465	460	569	568	566	566	567	476	495	501	502	552	554	573	550	466	559	479	473	484	471	472	478	477	476	477	478	
396	395	400	403	405	421	413	413	411	408	407	408	410	359	359	357	305	358	282	284	357	380	379	376	378	305	378	379	381	298	299	377	373	371	372	371	376	374	273	372	271	368	355	370	371	372	353	358	358	276	275	349	350	277	278	276	277	275	274	277	275	274	275	276	270	270	272	270	272	273	274	276	521	543	529	528	543	538	539	541	412	542	543	456	268	270	266	273	273	273	454	455	451	452	462	464	461	463	464	463	462	463	467	462	463	570	573	568	503	502	502	501	553	547	547	548	555	473	472	473	474	478	477	476	496	478	496	497	
396	396	396	401	406	422	393	411	411	305	409	409	411	409	360	360	296	358	296	362	285	358	379	379	377	379	304	380	382	300	376	358	374	378	377	370	369	370	371	272	369	356	369	367	369	283	282	359	359	278	277	278	287	281	278	279	282	276	278	276	275	276	275	277	280	278	271	273	274	274	275	274	530	530	530	536	537	539	526	527	543	544	545	455	268	267	543	274	271	270	455	476	477	452	453	462	463	462	461	463	462	464	465	466	562	569	572	504	574	502	501	502	469	548	549	550	481	554	481	471	475	498	481	477	495	495	498	482	
397	393	399	399	402	394	412	312	313	307	308	317	315	359	294	359	361	295	221	294	293	292	291	292	293	297	299	383	304	283	359	375	374	377	378	370	369	357	372	372	371	371	271	368	360	355	283	358	361	361	361	277	351	286	278	281	279	278	277	276	277	276	280	278	279	277	271	270	271	272	273	532	529	531	534	451	540	527	544	528	528	455	458	269	448	269	275	471	447	425	426	475	476	451	463	463	464	463	576	576	464	463	464	468	570	561	570	573	499	576	578	502	552	549	472	554	553	480	480	482	481	498	497	496	496	500	481	497	
394	393	398	395	308	307	395	311	313	313	312	315	316	297	296	280	360	297	361	220	297	292	290	291	296	300	298	306	282	281	376	282	378	376	379	354	371	373	357	358	357	372	373	370	359	359	359	358	362	360	359	361	362	364	274	277	278	283	279	280	282	276	276	277	278	274	271	275	272	275	533	530	532	530	450	541	531	530	542	529	455	456	547	457	449	276	470	447	476	477	453	473	474	462	462	463	462	540	575	577	577	580	464	466	570	571	502	501	502	498	577	469	503	551	563	473	473	554	480	481	499	466	497	497	497	499	500	482	
413	398	397	397	414	309	304	312	314	311	314	316	305	317	296	281	281	280	221	220	293	302	293	291	304	299	298	283	305	305	306	283	377	375	377	377	356	356	357	358	285	368	368	358	360	359	359	359	357	363	361	360	363	286	282	275	278	277	279	276	279	275	274	278	278	275	275	278	279	277	281	531	276	278	278	532	537	543	463	463	462	465	457	548	456	471	472	432	433	445	452	475	575	577	463	578	463	540	539	576	578	579	567	467	569	572	498	501	500	578	473	472	470	474	473	474	474	474	482	483	470	575	574	496	499	503	496	504	
412	413	397	413	414	415	308	305	312	303	317	306	317	306	297	299	280	281	297	294	221	220	298	292	306	305	283	284	305	303	304	305	357	378	357	378	378	354	373	284	286	369	367	372	358	358	362	358	361	358	362	363	282	284	276	283	278	276	277	278	274	280	276	279	277	274	275	274	276	278	277	278	399	277	534	533	533	540	462	461	463	465	464	549	472	455	473	431	446	453	453	576	582	576	578	464	463	464	570	538	582	568	568	568	569	568	566	502	472	471	473	471	475	471	472	488	475	475	482	577	576	577	497	497	498	500	503	499	
413	413	414	415	416	417	306	307	310	312	318	309	303	304	305	298	280	280	311	298	222	222	225	297	219	306	282	281	306	305	304	375	377	356	378	377	356	358	285	356	285	365	365	370	371	361	361	362	258	259	361	282	285	283	286	279	277	278	278	283	279	275	274	277	275	276	277	280	275	279	278	279	278	535	533	533	541	458	458	419	464	427	550	465	456	457	458	474	430	454	454	454	577	579	577	578	577	577	571	575	537	569	584	569	567	568	566	565	472	473	503	504	485	476	473	478	489	476	480	577	481	575	505	504	499	499	470	501	
415	416	417	416	416	307	418	312	311	304	305	308	307	306	305	282	281	307	299	223	223	224	225	299	218	303	310	311	305	305	306	304	355	377	376	367	359	360	287	286	357	286	371	371	284	372	374	373	374	375	362	374	251	252	284	287	251	278	284	270	271	277	275	278	279	278	279	280	276	283	283	529	528	279	535	534	459	459	540	463	418	428	466	467	430	455	456	458	275	431	455	580	580	579	580	579	576	576	574	538	539	585	570	567	569	569	570	470	566	570	287	484	483	484	472	477	478	490	473	481	578	575	574	499	503	471	502	503	
305	304	304	415	307	308	419	307	313	314	305	308	307	306	298	299	310	308	224	300	300	299	224	300	218	308	302	309	306	306	300	300	378	303	377	378	355	361	287	288	371	371	370	372	283	373	371	372	372	374	375	377	249	284	249	285	286	285	285	269	271	280	277	278	280	279	272	272	281	282	283	284	402	400	535	537	540	539	537	536	418	417	428	429	454	457	459	457	279	276	280	582	467	581	581	582	463	575	577	575	535	536	571	570	568	569	569	567	569	285	570	286	472	482	478	480	478	480	474	577	470	577	469	505	577	503	504	503	
306	306	305	305	305	307	308	314	308	304	306	310	307	304	307	299	308	309	311	225	226	225	223	299	302	301	302	307	308	307	301	304	305	302	362	362	362	288	289	373	264	371	260	371	372	373	372	375	373	378	377	376	379	285	286	287	284	257	282	260	278	280	279	277	277	278	280	273	282	529	284	529	401	403	536	279	540	539	540	428	428	418	418	431	416	421	302	277	278	279	581	582	581	582	582	581	576	538	542	540	539	567	569	567	568	570	295	294	294	569	283	287	472	484	481	479	481	486	493	481	482	580	578	504	576	581	505	504	
307	307	308	304	305	306	315	316	315	305	309	307	305	307	306	307	300	301	314	313	226	224	224	225	303	303	303	304	294	302	303	306	357	361	359	361	362	290	372	263	374	261	370	259	372	373	373	374	376	376	377	378	286	378	380	287	285	283	285	279	266	281	278	279	278	278	279	530	274	530	285	527	532	277	278	541	542	541	422	539	299	298	430	430	431	420	303	301	279	535	536	432	583	583	471	537	582	541	537	539	568	569	568	577	578	469	583	469	293	284	285	284	285	482	485	289	482	482	483	483	482	483	580	505	579	578	488	580	
305	306	419	309	304	306	315	308	307	308	306	320	321	314	314	308	301	308	307	302	225	310	225	223	224	304	305	274	303	295	301	360	359	361	360	358	271	272	264	260	367	371	369	375	375	375	372	380	375	379	380	287	261	379	380	252	284	285	259	286	265	267	268	267	268	279	280	529	531	530	532	268	267	533	534	543	543	421	421	420	297	428	431	299	424	418	302	535	302	535	534	584	536	472	538	541	537	541	540	569	570	467	466	580	579	582	295	294	292	285	285	255	256	489	487	288	483	483	493	492	495	474	494	494	488	489	488	487	
304	305	305	310	317	305	318	317	303	307	321	320	321	322	307	308	308	307	309	303	309	227	311	224	222	305	305	273	274	302	302	279	362	362	361	272	274	368	367	265	261	370	376	374	374	374	371	371	379	379	381	262	379	288	266	267	294	261	260	260	277	267	268	267	531	533	528	281	280	534	533	532	267	534	269	544	521	522	420	422	296	300	299	425	298	296	303	536	534	536	537	306	537	536	538	540	541	542	542	468	538	483	484	579	282	286	287	471	293	293	254	286	287	288	486	484	482	494	491	494	473	495	475	487	488	489	490	489	
316	314	306	308	307	316	313	318	319	304	309	323	323	306	312	312	306	307	310	308	309	310	314	225	319	296	272	271	277	304	303	363	361	360	363	360	368	369	368	267	371	377	264	372	375	373	371	370	372	380	377	263	289	265	251	261	268	261	261	294	277	298	266	268	530	532	530	532	530	532	532	531	533	535	270	271	522	287	288	289	297	302	301	424	297	295	302	295	535	536	538	539	540	540	537	541	542	541	542	543	485	484	483	484	285	472	287	475	477	470	295	296	297	473	487	487	489	481	474	473	473	474	495	494	481	488	489	488	
313	315	309	306	307	308	320	321	320	315	324	322	324	311	314	313	314	310	309	308	311	322	317	299	298	295	295	272	273	305	366	364	362	361	362	362	361	372	266	268	378	378	379	374	374	271	230	371	377	376	264	265	264	265	268	268	292	297	298	278	301	297	264	269	531	533	453	533	530	531	530	270	270	268	303	449	301	287	290	296	296	297	429	300	299	298	294	532	535	537	540	537	539	540	541	470	542	486	483	486	485	484	478	476	284	473	477	474	297	296	474	477	476	472	488	488	489	474	479	474	474	474	481	480	482	489	490	492	
316	316	306	308	306	319	307	322	311	306	314	325	315	310	312	315	376	311	310	309	309	323	323	321	300	296	294	274	273	365	367	292	316	371	370	361	373	373	371	315	379	380	270	267	270	269	270	229	230	378	380	264	265	266	266	267	291	297	298	295	300	302	265	300	287	529	454	534	453	449	531	269	270	269	267	302	300	451	291	299	286	300	295	296	297	532	531	531	537	536	536	538	538	538	539	542	485	485	487	486	473	471	472	477	477	478	287	474	473	477	475	476	478	475	475	488	490	478	481	480	475	478	480	480	489	488	490	493	
315	317	319	307	308	306	313	314	315	314	324	315	314	317	319	315	316	375	311	375	316	324	324	322	323	321	275	287	299	300	368	359	315	371	372	371	317	372	316	265	264	258	259	271	270	271	231	230	231	263	379	266	267	266	268	268	243	245	246	247	297	298	278	285	287	286	452	453	454	450	451	271	268	449	450	450	301	299	298	453	299	301	302	434	533	533	533	534	535	538	469	468	537	538	467	469	484	486	486	485	472	470	472	471	478	288	225	474	473	478	476	479	474	476	475	476	489	490	481	477	482	478	479	505	495	490	489	490	
316	316	318	308	307	310	309	316	510	223	220	316	318	316	314	318	316	313	376	377	320	317	323	324	323	324	276	277	300	305	304	317	313	373	372	372	316	317	318	371	369	371	257	259	269	232	262	230	262	263	267	264	263	267	286	285	243	242	245	298	282	278	279	288	287	307	453	452	453	281	450	452	450	449	448	449	300	455	456	455	454	299	303	301	534	535	534	534	536	470	468	466	469	468	471	468	486	485	230	487	483	478	476	481	482	226	226	473	472	228	473	475	475	477	475	476	477	476	482	480	481	480	506	504	488	496	506	491	
317	212	210	213	214	308	311	308	509	216	222	215	319	315	219	317	312	316	379	378	321	320	293	301	324	300	299	298	296	315	313	312	315	304	305	315	317	317	313	319	370	373	255	258	258	270	263	261	264	265	233	232	264	264	268	264	243	244	282	283	282	283	284	287	306	304	282	453	452	454	449	449	451	449	451	448	452	292	454	451	299	298	300	300	301	535	434	539	439	438	439	469	468	472	472	473	487	530	230	232	486	477	479	231	231	227	225	230	227	226	472	476	475	478	477	478	477	253	253	481	481	479	475	489	506	479	510	510	
207	211	212	214	307	309	310	309	312	215	214	220	218	218	316	216	314	315	317	316	321	303	302	300	303	298	303	299	299	297	311	316	312	316	305	316	318	312	313	315	374	256	257	256	257	261	271	287	263	266	265	264	260	263	263	267	265	258	256	283	282	282	282	283	307	305	454	281	453	455	450	452	450	450	450	294	449	291	451	455	299	298	301	299	301	433	434	440	441	539	473	438	467	469	473	467	469	529	231	485	486	478	488	231	230	226	225	229	228	226	225	255	256	475	476	478	254	252	479	482	261	478	480	481	261	511	478	509	
208	210	211	313	211	211	310	309	307	311	215	215	219	506	215	313	314	313	317	321	321	321	303	301	302	302	304	306	305	314	313	312	313	317	306	319	317	314	314	269	374	375	376	246	262	260	264	288	264	287	265	264	263	275	264	261	257	266	255	283	282	281	432	430	429	245	304	302	279	451	451	451	451	300	301	455	295	450	455	454	455	432	433	435	436	434	441	439	472	472	470	470	470	471	470	470	545	470	230	489	479	229	230	489	231	226	230	229	228	229	254	254	258	257	476	260	477	260	479	261	479	260	261	260	260	479	257	260	
210	211	314	314	210	496	212	311	310	310	312	507	218	507	313	312	315	316	314	301	378	322	378	302	301	305	303	304	317	314	313	314	299	314	302	319	318	319	258	375	376	376	374	247	256	258	263	265	288	269	265	266	264	261	260	258	262	267	265	260	262	280	431	248	246	247	430	423	428	458	446	298	299	299	456	454	292	293	294	454	455	435	436	434	435	431	433	473	436	473	471	469	432	472	469	528	469	544	527	231	490	487	236	231	236	227	231	225	226	252	255	256	255	254	256	261	261	262	263	480	258	261	261	257	255	480	259	260	
311	312	212	312	313	499	497	501	311	311	309	309	220	219	317	316	317	314	301	300	377	301	377	378	302	302	307	308	315	317	315	316	315	301	301	300	301	259	260	259	377	270	256	255	257	259	263	262	266	268	275	266	257	266	262	268	259	266	261	264	281	432	281	247	520	429	422	422	423	457	456	301	298	299	300	301	295	296	297	297	550	434	435	435	436	430	434	474	437	436	432	431	473	470	470	470	545	528	232	491	233	232	232	235	234	227	229	227	226	254	253	254	255	256	256	260	261	260	259	258	256	260	506	505	256	257	257	257	
311	313	311	312	210	500	499	500	500	499	221	221	508	508	318	316	315	315	301	378	301	376	377	377	375	308	309	308	309	316	318	299	301	300	320	301	301	261	302	273	271	271	256	256	306	264	260	266	267	275	269	277	276	256	267	268	267	258	264	260	263	264	263	518	520	264	430	423	423	456	301	300	299	301	297	296	454	297	452	550	549	300	466	464	437	435	433	432	435	438	433	430	437	432	469	543	521	541	235	233	492	227	231	228	521	228	226	230	255	227	253	256	257	256	257	261	261	262	261	257	258	509	510	255	254	258	258	256	
312	207	206	211	212	503	503	506	500	499	220	220	509	221	222	316	318	319	230	301	302	302	377	376	375	298	299	310	317	317	300	301	301	303	301	303	302	301	278	304	272	276	276	309	307	305	266	268	270	268	276	275	274	255	256	259	282	259	268	265	264	264	263	519	431	265	430	430	429	430	431	432	299	298	297	455	455	453	452	451	296	463	466	301	465	466	435	433	437	437	435	436	433	433	544	544	543	520	521	234	235	518	519	229	227	227	231	260	250	254	254	258	257	258	258	258	254	257	256	261	257	508	546	256	267	544	255	256	
313	224	207	506	212	505	502	503	500	219	512	219	510	511	507	319	318	316	302	230	230	303	229	228	229	295	297	295	318	293	296	301	302	312	318	301	302	319	305	305	306	278	280	307	308	267	264	265	284	273	271	277	254	275	276	282	281	281	264	267	268	265	265	264	265	432	429	430	428	429	433	433	458	458	458	459	450	453	305	449	297	460	462	433	300	435	467	436	437	438	437	437	546	545	434	545	436	436	521	518	525	526	226	232	231	230	259	260	249	255	230	223	224	224	257	255	256	255	259	260	264	262	254	545	545	266	253	254	
224	208	223	224	505	504	504	503	220	513	513	514	508	512	513	514	221	215	231	232	231	227	227	228	215	215	296	297	294	292	303	302	302	319	303	319	317	318	320	306	279	306	301	300	309	305	303	265	273	272	256	278	276	258	265	258	260	265	265	269	270	269	269	431	229	229	229	229	429	231	428	434	457	457	457	457	457	454	449	452	451	301	300	299	437	436	437	552	550	439	437	535	537	435	435	438	522	435	440	521	524	225	226	233	229	232	258	259	230	256	248	248	222	257	256	257	256	259	260	259	253	261	251	549	546	254	255	255	
224	223	224	214	505	502	503	515	512	514	515	513	220	219	222	221	222	222	216	234	228	229	228	214	214	292	297	306	305	307	293	301	303	320	320	298	320	323	324	280	256	260	258	260	319	300	304	303	268	278	273	255	253	261	259	264	259	262	270	269	271	270	268	269	229	228	229	228	229	252	253	429	313	312	456	458	455	451	307	307	453	462	301	440	300	438	437	438	553	552	536	536	436	546	436	439	522	441	522	441	524	523	536	227	226	230	260	229	262	249	247	246	468	468	251	250	256	257	258	266	263	262	262	548	548	256	267	545	
505	224	215	504	516	516	504	511	510	516	516	516	225	218	220	227	221	226	220	220	229	229	215	213	214	215	308	298	307	306	306	300	313	314	299	300	304	299	322	323	313	261	259	261	261	271	270	305	272	271	307	254	256	257	262	228	258	260	270	271	271	234	268	233	234	230	430	430	229	251	252	251	311	315	318	315	312	315	307	306	463	306	308	441	441	301	302	310	548	547	557	555	537	547	544	439	442	523	224	523	525	537	538	223	229	261	231	263	266	248	467	465	469	467	248	249	251	260	267	264	264	262	266	265	547	548	266	544	
506	504	516	515	515	517	516	513	513	516	517	517	218	217	218	226	225	522	221	230	231	231	232	214	205	208	208	307	308	308	295	311	312	311	315	296	300	310	258	265	311	312	260	271	271	269	304	269	305	306	308	260	266	263	229	259	501	501	502	266	235	233	234	429	227	229	229	432	433	252	252	253	430	434	317	314	314	308	307	307	464	308	554	309	557	536	534	313	544	548	556	555	538	543	545	442	560	556	555	531	227	226	539	230	265	232	532	532	265	266	466	470	247	254	253	249	235	268	267	265	258	263	267	555	548	547	545	546	
517	513	516	515	514	516	495	515	515	515	518	219	219	219	523	523	523	524	523	304	208	207	211	206	208	297	207	305	306	296	301	309	312	301	295	301	302	263	264	310	262	312	261	258	267	266	268	270	306	251	252	264	265	266	264	225	500	503	265	265	263	231	233	233	229	228	230	433	253	253	251	431	433	433	435	312	312	308	309	308	306	307	308	309	310	443	535	543	543	550	541	535	536	549	542	441	557	559	557	229	230	552	552	232	264	551	227	531	551	550	236	552	250	254	256	250	269	259	258	257	551	552	267	554	269	549	552	547	
514	515	512	513	516	494	514	516	523	517	518	521	520	220	524	522	513	224	305	209	208	205	210	211	209	209	210	206	307	298	297	310	302	296	303	295	302	304	317	314	313	314	313	262	257	267	268	266	272	266	265	267	265	265	227	226	504	221	271	274	275	234	237	234	235	427	429	434	432	252	434	432	433	432	432	433	311	309	312	307	310	311	306	311	310	556	312	542	551	544	549	539	542	543	550	543	544	558	562	551	551	551	551	234	549	552	550	552	532	549	551	237	256	255	233	236	237	236	258	259	550	551	554	268	500	551	548	550	
518	515	226	512	495	224	514	513	524	524	517	525	520	221	524	507	225	306	506	521	204	207	208	209	208	206	207	207	299	300	296	304	305	302	294	295	295	317	316	315	316	317	314	315	258	269	270	271	263	264	266	266	266	266	229	228	227	228	227	271	273	235	235	236	428	430	428	429	433	434	437	437	438	317	433	311	311	312	311	313	321	309	307	309	535	311	543	552	545	548	547	540	543	541	558	228	230	549	549	550	528	529	535	536	550	549	551	550	551	550	231	552	257	234	256	234	236	238	262	260	266	270	555	501	498	499	552	549	
510	514	225	225	223	225	221	496	517	525	526	516	526	518	520	522	506	505	507	522	520	521	208	207	207	421	205	300	427	292	299	306	303	304	299	296	318	296	317	316	315	292	313	259	260	259	272	264	264	263	266	265	267	260	229	228	227	226	227	272	236	236	273	429	238	434	431	432	430	436	436	436	311	316	312	310	313	314	310	310	320	566	567	566	542	534	535	556	568	549	548	542	542	559	564	558	556	548	549	549	529	552	553	552	549	550	553	551	553	554	553	552	235	466	235	286	286	261	546	471	269	265	554	551	497	547	547	552	
511	513	224	222	226	222	517	518	498	497	518	519	518	527	214	521	523	521	523	521	520	209	206	209	210	206	427	427	426	291	305	293	297	304	297	297	298	296	309	318	316	290	291	312	291	260	261	257	264	265	267	267	262	261	261	228	229	227	226	225	226	237	237	260	237	433	433	435	307	440	441	437	438	311	317	309	311	312	310	309	310	565	543	565	541	543	535	555	570	567	568	544	543	565	569	557	549	557	549	548	549	550	551	552	551	552	551	550	551	553	237	238	236	521	521	520	285	548	547	547	470	547	548	548	498	546	553	553	
514	224	514	514	515	227	515	516	519	518	518	519	518	213	214	522	520	524	210	211	212	208	210	210	413	211	246	426	427	298	292	306	305	296	298	304	307	299	311	319	291	317	291	290	313	256	258	265	266	265	268	266	269	266	269	229	228	269	226	226	275	274	516	259	516	434	306	306	307	308	230	311	314	312	317	316	317	318	506	507	505	544	566	542	540	545	544	568	569	567	566	567	568	568	564	565	550	558	547	549	549	550	550	550	551	552	552	551	552	238	556	557	238	520	519	287	286	548	546	547	546	472	477	477	547	502	502	503	
514	513	512	225	228	226	516	515	515	516	517	518	518	519	516	522	521	517	422	212	214	209	209	211	212	414	247	245	214	214	309	293	297	298	299	305	313	312	300	303	298	299	291	263	310	261	260	258	256	265	264	268	265	263	234	230	231	230	275	225	275	276	520	517	435	262	305	307	308	309	310	313	313	319	317	538	323	319	319	572	508	509	510	567	568	539	540	568	567	568	568	569	569	561	564	565	543	547	547	549	552	550	536	555	548	551	550	549	553	556	555	555	521	522	519	522	287	547	291	548	547	549	476	547	548	542	501	503	
514	510	511	512	224	517	517	514	515	516	201	520	519	517	520	522	518	221	214	213	215	216	210	211	214	214	247	250	249	213	308	299	301	300	302	306	308	307	308	299	302	299	257	290	262	261	258	257	258	261	269	266	264	265	262	233	233	276	277	276	226	519	516	519	261	261	309	304	305	230	314	319	318	534	535	537	539	507	506	573	574	542	541	511	543	542	571	533	568	569	564	570	562	547	566	567	550	549	546	547	551	555	537	556	554	558	555	549	550	237	556	237	236	522	521	289	521	522	290	291	500	291	548	477	543	541	501	502	
204	203	511	512	517	516	518	519	519	519	423	425	519	519	517	517	220	219	215	214	518	217	518	517	214	213	213	248	309	214	214	297	302	304	303	307	307	306	302	318	303	318	294	295	257	265	266	260	260	260	268	267	265	264	268	234	264	265	230	224	520	520	518	259	258	262	305	308	306	315	319	510	324	321	320	320	321	539	510	511	512	542	566	516	517	518	541	572	544	541	571	563	563	546	567	564	550	481	548	549	554	551	555	556	553	554	556	550	548	556	236	235	235	522	522	548	522	522	292	290	292	290	291	545	505	506	543	508	
204	512	202	203	518	226	521	518	520	519	424	520	521	520	518	519	219	220	216	214	519	519	518	517	518	516	309	308	216	215	215	418	296	419	300	518	518	308	303	317	317	300	300	297	257	267	266	259	259	262	268	422	263	269	270	265	265	265	238	225	239	240	519	517	258	263	305	268	319	318	320	234	509	325	323	319	321	320	512	509	510	514	543	568	377	542	519	544	573	540	564	520	566	565	546	482	485	484	478	478	552	551	550	554	551	552	554	557	558	557	236	236	237	268	286	523	503	504	289	288	289	291	557	506	506	507	507	507	
205	203	513	226	225	519	518	520	518	204	198	423	521	425	426	517	520	219	217	234	414	515	519	515	517	515	416	516	307	419	418	417	420	297	516	517	518	301	318	304	256	318	301	296	261	262	264	262	262	423	263	264	424	262	423	266	238	519	237	516	515	520	521	518	518	519	312	267	269	320	319	511	233	510	512	322	321	319	541	541	511	515	515	545	543	543	544	540	541	574	519	560	564	545	544	484	483	484	480	479	553	551	552	555	553	555	553	482	481	558	481	482	267	558	285	286	504	290	501	289	507	557	556	509	507	508	507	506	
204	205	228	208	227	519	224	223	206	205	205	423	424	425	204	517	516	207	206	413	516	415	413	413	516	516	515	308	418	419	418	418	423	298	516	515	519	300	319	305	288	289	291	302	303	263	261	261	269	264	265	268	424	425	426	520	518	519	515	238	239	519	518	517	519	519	248	311	312	320	231	232	511	513	508	322	512	320	542	513	517	517	518	545	377	544	379	519	520	519	520	518	519	545	552	545	546	547	485	479	480	481	556	478	480	554	555	554	482	239	482	550	553	557	558	291	503	501	502	290	504	504	451	508	508	501	510	507	
217	216	209	227	522	223	225	222	223	521	203	203	426	205	205	422	421	207	419	517	416	412	412	243	240	514	515	241	418	519	518	414	423	422	423	517	301	301	300	301	299	425	290	275	421	420	421	421	262	268	423	265	268	425	520	519	240	516	520	516	520	521	521	521	516	249	311	313	312	313	269	317	317	321	328	327	321	513	538	511	516	517	519	520	511	378	380	521	518	519	548	563	546	550	553	551	553	553	548	549	483	483	488	483	484	556	483	480	478	510	551	552	559	558	292	503	504	504	552	551	503	450	450	449	502	444	509	501	
215	215	222	223	226	224	221	222	522	227	228	202	205	204	232	421	420	422	208	415	415	414	415	413	244	241	240	408	515	516	517	517	519	520	292	518	518	519	302	303	272	421	424	423	421	423	422	421	420	522	424	269	267	521	268	270	266	241	517	517	519	520	519	522	517	436	311	310	314	309	310	316	319	322	325	322	537	538	537	510	516	514	515	521	512	527	526	511	522	512	515	564	564	552	550	553	552	484	483	550	488	487	482	482	486	487	557	483	511	479	513	514	515	293	285	286	503	504	445	503	504	453	445	453	451	505	461	462	
216	216	224	218	225	225	223	230	224	230	226	230	425	205	422	232	437	235	236	413	244	415	416	413	244	243	412	411	517	525	517	516	517	518	293	291	284	294	274	273	275	273	275	425	422	440	421	422	423	520	523	425	267	267	269	265	272	265	518	265	518	522	520	518	517	435	436	315	247	248	317	318	509	512	326	513	537	511	517	515	515	513	514	522	382	380	379	525	513	511	512	565	515	554	553	554	483	485	483	486	486	485	483	483	487	487	486	487	484	512	514	515	287	280	287	520	505	505	446	504	503	457	452	451	450	504	505	460	
215	219	217	218	219	224	226	227	229	230	229	227	229	231	206	439	235	234	235	243	245	415	412	237	519	245	246	247	522	523	525	516	516	294	295	291	290	285	295	274	274	274	275	276	426	422	441	424	519	520	523	268	271	268	268	271	266	267	268	519	267	522	441	440	517	438	434	430	510	250	249	515	516	513	512	517	514	516	516	516	514	515	515	377	381	380	527	526	541	527	515	514	558	555	555	550	557	484	484	484	372	485	483	484	483	482	485	481	514	515	279	515	279	523	514	515	294	447	448	504	458	458	453	457	459	462	459	506	
218	218	204	224	227	227	228	224	226	228	226	228	425	438	439	439	440	240	242	243	244	415	516	517	236	244	247	247	248	528	517	518	295	296	291	289	289	272	273	274	272	274	277	280	439	423	422	442	424	423	269	435	437	270	269	267	270	266	267	515	520	529	441	518	518	518	437	431	511	250	519	518	519	521	513	327	516	515	515	534	515	515	382	382	382	381	525	527	542	517	515	556	557	554	373	373	557	556	492	491	374	373	485	484	309	485	483	309	308	280	514	517	522	521	513	516	295	506	505	459	458	467	518	456	458	461	457	507	
217	205	217	226	203	226	232	227	231	229	225	426	229	232	440	438	438	239	241	243	242	416	239	517	517	517	517	518	513	528	527	528	517	515	517	290	287	292	273	274	274	273	438	437	440	439	423	424	425	418	417	418	434	435	438	266	265	268	518	268	528	529	526	519	517	434	436	428	429	512	512	519	521	524	515	516	328	516	516	516	516	383	382	381	524	382	527	526	539	516	516	556	517	518	555	372	314	557	492	493	490	385	386	309	310	311	392	487	489	516	279	515	516	490	512	512	517	451	460	461	466	468	469	458	457	456	462	461	
206	225	219	218	226	227	226	231	232	226	226	230	427	233	231	242	241	240	238	240	241	238	239	514	519	516	517	512	413	517	518	528	515	518	516	518	330	330	288	295	275	278	277	439	439	439	423	424	419	418	416	417	418	418	438	420	421	522	269	527	269	529	527	527	436	435	433	428	428	515	513	518	522	525	519	516	517	516	515	532	517	515	524	524	525	524	527	526	538	539	523	541	555	556	514	559	558	313	313	491	386	488	490	387	311	391	393	490	488	489	486	487	514	517	453	513	510	461	450	464	467	469	463	454	455	463	446	447	
226	225	226	219	229	221	228	231	226	225	248	249	221	220	221	232	242	241	241	240	241	240	515	520	515	519	517	521	518	414	526	514	292	516	517	331	520	329	331	329	330	331	440	440	440	422	424	423	418	417	335	337	419	417	418	420	419	420	273	518	271	272	528	526	521	436	429	427	516	514	515	519	526	518	424	516	517	516	520	516	531	529	514	523	516	382	527	526	525	522	540	559	558	558	515	374	373	374	312	314	387	489	383	384	312	391	392	394	488	489	488	489	487	515	452	511	514	451	518	470	518	468	470	464	464	445	447	466	
226	221	226	225	220	221	228	226	232	230	248	220	222	221	251	237	233	242	243	240	521	241	241	516	520	517	523	521	520	519	520	515	517	519	520	521	521	330	330	328	331	319	318	319	425	424	436	426	424	425	336	336	520	521	419	421	519	421	518	272	273	519	529	520	525	436	435	430	522	521	515	516	423	423	517	517	521	519	531	533	530	529	528	515	527	528	528	526	525	541	560	541	559	374	373	525	372	311	387	490	492	490	389	385	392	390	391	395	488	382	489	486	456	456	453	452	512	455	456	517	469	469	471	521	451	447	446	465	
220	222	223	223	224	222	227	227	225	229	221	221	222	252	231	232	252	253	251	252	253	520	241	517	518	520	522	520	523	521	522	521	520	521	515	522	522	328	330	327	448	332	443	444	436	435	427	427	425	337	338	339	340	427	521	421	422	519	420	519	520	524	525	519	322	323	387	521	520	521	522	517	422	424	424	522	538	520	538	539	533	515	516	517	543	542	385	536	527	544	561	560	549	546	558	374	526	370	386	491	491	491	388	392	391	391	490	488	488	489	381	316	488	455	454	453	454	454	455	289	518	470	294	450	465	466	468	466	
223	220	222	224	223	235	237	232	230	226	220	222	223	250	233	253	254	237	250	243	237	254	239	240	521	521	523	519	524	521	517	523	521	515	516	522	334	334	334	329	326	443	330	442	443	445	446	428	441	441	338	524	429	341	426	423	527	527	419	525	420	531	523	519	318	321	324	322	520	518	427	423	523	425	424	431	523	537	533	539	545	516	517	530	388	537	536	535	537	542	544	548	545	528	559	560	371	372	528	387	387	375	376	389	376	491	392	487	488	380	285	382	315	489	282	455	514	515	291	288	291	291	292	293	294	447	467	467	
221	222	224	226	237	236	237	230	229	229	230	250	247	234	254	253	254	253	236	238	234	236	255	318	522	237	522	523	524	516	524	523	516	522	521	517	521	333	526	328	327	327	329	445	444	446	446	440	447	442	439	429	428	428	428	527	526	418	419	420	420	525	524	321	420	322	321	520	424	427	426	524	524	522	523	522	540	537	534	540	543	534	529	528	529	387	536	537	543	543	536	546	544	527	526	372	372	527	307	388	376	376	376	377	376	490	392	375	377	379	379	284	285	497	287	292	287	294	289	290	291	293	293	467	452	454	468	468	
223	224	222	225	225	226	229	218	231	247	221	250	246	246	234	235	234	254	237	235	239	240	239	315	316	238	521	525	329	517	517	518	517	520	520	523	522	332	334	525	329	527	446	442	445	445	444	445	446	447	441	434	433	432	431	527	421	436	435	418	527	526	525	419	526	526	526	519	384	426	425	523	525	433	432	433	434	541	538	542	535	536	533	536	388	530	537	538	538	535	546	537	547	548	547	526	527	308	313	314	315	376	378	377	497	391	491	493	378	378	380	380	283	286	496	286	291	296	295	296	292	294	453	452	474	453	469	469	
224	224	221	222	224	226	228	224	232	233	248	249	247	245	234	234	235	234	235	232	241	238	241	319	317	242	526	523	524	332	333	330	519	521	519	331	524	332	334	525	526	329	528	443	446	446	330	317	340	341	338	434	435	429	338	424	422	422	437	434	528	527	528	525	527	525	390	390	385	522	524	526	522	524	434	434	435	540	539	540	541	536	535	537	539	531	537	539	537	543	537	543	548	547	548	528	314	311	312	314	377	377	377	495	496	314	493	494	495	379	288	284	286	285	285	287	286	292	293	291	296	296	296	297	473	472	456	468	
225	222	223	222	220	221	226	223	225	247	250	222	246	246	246	233	235	233	235	232	230	232	244	320	241	524	525	330	332	525	526	333	331	332	518	332	521	335	326	333	527	443	442	441	320	321	318	319	443	442	435	339	435	337	425	339	340	423	422	423	527	527	526	419	524	526	391	389	386	391	525	524	525	526	525	433	543	542	540	540	536	536	543	540	540	538	539	538	542	539	536	538	548	548	550	538	312	313	312	310	378	379	494	503	502	497	501	496	500	380	285	287	317	286	286	285	280	293	294	501	473	295	296	476	474	474	457	385	
229	226	231	230	226	225	224	222	224	221	248	251	239	247	248	234	234	235	234	233	243	231	243	244	525	242	524	526	331	330	331	333	332	333	521	520	520	519	332	333	332	333	443	444	318	319	320	319	444	340	338	337	436	338	338	428	427	428	423	423	527	526	527	527	525	427	442	443	387	378	392	526	527	526	434	526	435	541	541	537	536	535	542	539	540	539	540	541	543	540	537	540	540	549	540	539	537	310	310	379	496	495	380	381	500	500	500	499	501	502	502	318	319	318	286	287	286	295	295	295	388	470	476	475	475	472	386	387	
230	230	228	229	232	233	222	227	228	249	236	233	234	245	245	242	243	235	241	234	232	233	241	331	329	334	335	331	330	336	334	331	332	331	332	519	518	520	334	329	332	318	318	315	317	319	318	319	318	339	417	338	340	339	342	343	427	424	425	529	527	532	531	532	428	392	426	441	442	377	393	423	433	435	433	434	436	543	542	537	537	546	548	543	544	541	542	543	544	538	538	541	542	539	540	539	311	311	374	316	381	497	502	500	316	317	316	317	315	501	503	499	288	289	319	320	322	293	501	469	286	387	469	476	471	387	388	470	
232	231	232	214	234	233	226	220	236	222	234	246	234	235	244	243	244	243	242	244	245	331	327	328	332	330	331	332	331	335	337	333	335	333	334	525	521	521	331	332	330	319	319	319	320	414	415	414	320	417	339	341	336	338	385	387	425	424	530	531	530	528	395	392	393	393	393	394	438	438	428	422	426	433	436	435	436	437	539	436	537	546	547	549	542	543	536	538	539	536	539	543	543	540	540	542	374	375	373	317	498	319	501	499	502	315	317	290	314	502	498	497	496	320	321	321	294	295	502	502	388	391	466	392	469	471	298	389	
232	233	218	217	215	227	222	223	224	221	232	235	246	247	244	245	246	233	234	246	229	231	327	326	336	327	335	334	331	336	334	335	334	335	523	520	524	523	331	330	331	331	318	331	320	335	413	336	415	340	342	329	327	384	384	388	391	350	349	529	532	394	393	392	426	393	435	394	439	437	426	427	423	435	437	433	435	437	435	538	547	548	546	547	547	547	547	549	537	536	537	535	544	544	543	375	541	375	314	313	318	311	311	310	316	317	530	314	313	315	524	498	499	500	291	365	289	290	293	385	387	391	390	467	391	297	297	390	
233	234	220	218	216	216	224	223	225	223	222	223	243	245	232	232	233	233	234	231	230	230	245	327	337	331	328	335	337	334	334	335	336	522	521	530	528	529	332	333	316	318	320	332	332	337	335	337	337	414	419	328	385	327	383	385	349	350	351	348	427	428	393	394	433	434	435	434	437	436	425	426	430	438	438	434	439	337	336	548	549	350	352	545	541	547	548	538	550	538	541	545	545	543	378	542	374	314	543	319	318	307	502	529	317	318	529	531	314	524	499	293	290	501	292	387	364	385	384	390	392	392	468	391	389	389	296	297	
221	235	221	219	217	219	217	225	225	225	226	232	435	434	247	248	257	256	257	254	231	233	244	537	534	539	537	257	335	340	333	337	337	522	338	527	526	333	531	332	517	319	387	386	335	384	336	336	325	420	421	422	330	390	384	385	386	348	351	352	349	350	394	395	437	437	438	436	438	428	426	430	428	344	439	434	436	334	338	337	549	550	546	351	546	548	545	546	545	543	542	539	539	537	377	377	379	375	542	318	306	529	503	501	501	502	532	527	523	315	516	291	292	291	295	365	386	297	387	389	391	393	389	390	471	470	388	297	
220	220	225	220	218	220	223	222	224	224	226	225	226	253	433	433	234	247	259	255	232	243	234	246	538	535	255	256	333	332	338	336	522	339	533	343	531	530	531	532	335	334	384	384	336	337	338	326	426	326	419	420	385	389	390	342	341	344	352	354	353	422	351	350	353	436	431	429	430	428	429	427	473	472	435	350	334	336	335	551	550	547	553	547	549	351	543	545	546	543	544	543	540	538	378	378	376	309	371	543	314	528	530	502	530	529	527	527	526	523	292	293	297	296	366	368	366	392	365	366	392	393	394	391	472	389	390	391	
221	226	225	224	225	222	222	222	227	228	236	250	249	252	432	434	248	243	256	254	255	233	257	254	537	256	256	539	544	340	333	339	523	523	342	542	529	530	532	533	387	386	385	383	339	338	339	336	337	427	429	420	389	388	391	342	343	344	355	361	353	421	351	425	349	427	430	427	431	437	427	336	474	474	349	335	348	333	336	339	550	551	552	550	550	317	548	546	541	317	316	545	539	387	285	377	310	310	372	315	529	309	527	531	531	527	528	529	530	531	522	521	519	297	521	367	391	393	367	390	391	451	394	473	396	394	392	392	
227	225	224	226	226	226	223	226	223	235	440	234	251	253	223	249	222	242	255	256	260	262	258	253	248	257	257	545	538	534	533	534	524	524	536	530	531	542	531	534	388	388	389	391	339	338	335	335	349	428	428	390	389	392	394	424	365	364	365	362	363	352	420	425	426	425	427	547	438	430	436	337	477	478	350	348	451	337	451	550	349	553	552	462	549	462	547	547	314	542	318	317	318	389	388	286	287	307	371	370	528	527	310	526	532	537	530	527	527	523	517	514	518	522	368	368	368	390	389	390	391	452	452	394	393	395	389	391	
445	444	226	234	234	224	224	227	236	236	235	237	252	434	437	436	221	243	222	471	470	259	259	255	254	258	260	543	546	547	534	525	541	537	538	542	543	542	532	535	388	535	536	390	339	336	428	336	421	429	427	353	396	395	396	395	364	363	366	363	352	368	368	351	475	475	548	546	366	366	432	479	477	351	475	351	478	450	455	549	554	554	554	553	461	319	455	548	314	385	467	318	390	390	390	287	283	285	371	287	527	526	527	527	534	531	536	527	526	529	518	521	294	295	523	367	387	389	389	388	451	391	392	453	454	367	396	397	
446	445	444	234	443	225	223	214	215	236	236	439	235	433	230	435	437	438	468	222	257	260	472	256	259	259	259	547	544	545	536	526	527	540	547	548	542	335	334	535	534	535	391	391	388	340	429	385	351	428	428	431	431	396	399	357	356	345	344	359	346	369	367	368	476	548	549	427	546	365	366	480	435	477	476	318	475	456	451	450	550	451	554	555	320	318	316	315	467	386	461	391	467	391	389	286	284	285	286	375	529	526	385	383	528	535	528	294	527	528	519	522	367	367	367	524	388	386	387	389	450	453	390	393	368	455	456	366	
445	446	444	442	442	214	215	215	213	237	237	440	234	232	233	234	234	235	467	256	258	473	474	258	540	262	260	545	538	537	534	354	353	546	545	548	544	335	534	535	535	392	536	537	390	391	383	384	385	350	430	430	432	398	399	358	349	357	346	345	363	363	364	550	473	547	473	550	428	366	365	367	478	317	317	317	474	553	552	451	450	551	552	554	555	317	317	318	467	377	462	466	237	387	388	287	285	286	377	530	374	384	382	528	527	536	291	531	293	524	523	446	450	368	379	525	379	379	455	453	452	456	453	453	459	457	366	365	
446	445	445	441	441	216	215	215	216	217	238	227	235	235	234	466	233	466	445	257	257	256	261	472	541	539	546	537	256	535	355	354	353	547	545	545	547	548	536	334	389	537	538	538	392	391	390	384	386	349	351	431	349	361	364	400	422	351	359	346	364	365	348	358	548	474	546	549	549	543	543	364	479	316	318	316	475	315	551	451	555	388	465	556	555	321	318	318	376	463	466	378	388	389	391	378	378	392	393	378	531	514	527	528	385	528	529	530	532	297	296	297	449	380	380	378	295	380	453	454	455	455	452	454	458	459	458	459	
447	446	444	440	442	229	216	216	217	215	216	231	223	238	234	465	466	467	468	469	261	476	262	542	543	446	264	540	354	353	537	354	351	353	352	546	337	335	537	333	390	390	391	539	390	391	391	430	428	363	363	363	362	363	360	358	346	349	350	351	349	347	356	356	359	475	475	548	548	544	542	543	365	479	474	474	314	315	315	554	387	456	455	454	448	449	376	376	375	464	460	379	377	240	390	377	391	391	392	376	376	515	381	384	384	289	386	530	289	299	289	298	287	299	288	379	381	454	452	450	454	456	455	451	451	459	394	460	
448	447	445	443	229	228	215	218	434	216	216	222	234	233	466	468	468	467	466	262	439	475	474	263	261	447	445	539	256	355	538	351	355	345	344	344	340	336	336	389	391	389	391	390	383	382	392	348	429	430	362	363	349	364	366	361	359	349	351	355	350	348	355	548	477	476	356	549	549	541	549	479	478	477	475	460	459	316	316	556	391	319	454	455	450	452	375	375	374	376	380	379	377	241	379	378	390	528	377	525	514	382	516	517	290	288	291	292	295	298	300	288	298	286	300	286	293	295	455	453	392	457	454	452	450	450	393	394	
221	221	446	221	229	229	217	230	433	223	224	223	234	224	467	469	469	467	445	438	442	434	444	443	262	536	534	446	537	257	257	258	351	350	350	343	339	354	348	349	390	350	381	385	383	393	393	347	428	348	363	364	365	365	351	352	348	349	350	355	349	356	349	356	478	479	544	551	543	368	549	548	478	479	462	459	461	317	557	555	318	390	452	453	454	451	374	375	240	241	242	381	380	380	392	391	527	378	525	524	518	515	516	291	522	523	524	290	296	296	298	299	287	301	297	304	303	294	456	452	353	300	452	453	453	454	379	379	
221	220	230	219	223	230	216	231	434	432	224	433	432	431	225	447	444	468	446	439	439	512	435	445	263	535	535	258	259	261	353	258	350	349	351	347	348	354	353	349	349	380	381	382	386	387	388	346	429	431	348	361	352	361	351	350	350	353	357	359	356	355	356	357	361	545	549	544	542	367	367	477	479	463	461	458	487	486	481	317	556	452	451	454	451	377	321	322	239	242	376	242	382	393	392	393	394	528	396	519	517	516	384	517	526	290	525	521	295	297	294	299	300	302	300	296	304	452	451	452	452	381	383	452	451	455	378	380	
221	221	432	231	218	231	432	433	434	432	432	430	431	432	449	448	448	445	440	506	511	510	440	446	444	442	536	260	260	354	354	355	351	355	352	348	346	349	350	383	381	383	382	385	383	389	393	347	430	347	347	350	351	352	351	349	354	358	362	358	357	359	356	362	359	550	549	370	372	371	369	369	478	478	479	488	487	488	487	480	318	456	453	452	452	322	323	324	241	325	241	377	241	242	393	391	395	239	397	518	395	519	238	518	525	523	522	533	297	298	453	454	301	322	304	297	453	452	354	451	297	384	382	378	452	452	456	382	
222	223	432	232	233	232	436	434	433	435	433	449	436	433	434	435	511	510	512	505	512	441	441	445	446	443	261	537	396	261	330	352	356	356	352	351	350	351	385	381	382	383	386	381	384	385	392	395	391	346	347	351	391	392	365	362	363	352	363	361	358	355	355	360	552	553	551	552	369	369	372	368	369	481	480	481	390	391	392	481	481	454	455	238	322	323	323	325	240	324	325	326	241	375	376	396	240	396	238	237	238	237	385	239	388	387	532	535	455	298	299	452	453	321	449	303	356	355	355	354	450	298	299	265	267	453	453	381	
477	434	431	433	431	435	437	434	436	437	436	435	448	448	454	450	449	511	505	504	513	514	444	443	444	386	384	386	397	262	398	332	351	549	351	352	357	349	383	384	382	385	385	385	382	393	394	391	393	350	348	352	392	364	363	364	355	363	354	355	356	359	363	356	551	358	553	367	366	367	370	371	389	481	482	389	483	481	392	458	482	458	239	237	239	321	322	241	323	377	325	326	378	379	376	236	395	396	238	238	237	386	237	386	525	531	531	531	455	299	299	452	453	322	323	450	358	355	356	466	355	265	266	264	265	266	263	382	
435	433	432	432	437	438	435	436	438	437	437	437	446	455	453	451	448	510	512	513	505	509	445	445	445	400	385	385	384	398	399	352	353	352	358	362	360	356	384	351	384	386	381	384	385	392	381	395	349	394	395	350	362	393	357	354	371	372	361	360	360	356	358	362	357	367	366	369	366	367	371	368	390	388	389	392	391	482	459	486	457	460	238	240	238	322	322	314	242	326	376	378	379	239	375	373	374	397	237	236	237	236	238	526	524	526	530	491	491	491	491	317	323	323	321	324	358	357	358	457	465	264	465	267	263	264	266	464	
438	439	436	430	431	439	437	443	438	438	436	438	439	447	397	453	452	511	407	511	510	446	446	448	446	386	386	436	386	553	552	553	554	362	361	406	383	382	383	352	352	383	384	387	385	391	386	350	362	350	360	361	362	356	373	372	357	373	371	372	373	364	363	362	363	368	315	376	375	372	371	369	389	367	366	392	391	460	483	486	485	368	461	463	310	310	308	313	243	383	379	381	240	241	238	380	373	374	230	237	480	237	235	523	525	527	528	529	492	490	461	492	461	322	322	452	451	359	358	458	458	464	465	264	465	267	464	463	
441	437	431	435	432	433	436	447	447	437	439	446	346	455	454	396	397	455	512	406	447	433	447	408	449	400	387	438	439	435	553	553	554	555	401	403	405	406	386	386	385	384	385	386	387	390	384	385	391	351	351	361	357	358	356	370	358	368	372	373	361	364	363	361	346	361	369	370	376	314	372	372	368	369	316	483	482	464	461	365	367	445	464	465	334	309	310	312	378	380	384	380	380	380	239	325	324	477	231	231	481	483	535	532	526	527	526	527	492	495	461	460	461	460	451	453	451	360	458	457	459	465	460	464	268	265	268	463	
442	440	438	433	434	434	447	446	447	438	449	451	345	451	452	453	454	408	407	508	509	408	409	407	401	407	439	436	439	434	554	552	554	403	402	552	407	389	385	386	385	386	361	362	387	385	389	393	392	390	394	395	359	367	367	368	371	369	373	371	372	348	362	345	314	315	311	370	380	315	315	369	362	315	328	329	330	369	323	366	368	319	466	447	461	333	330	313	333	383	379	380	379	481	380	325	477	476	237	478	482	414	482	534	528	491	528	491	494	493	461	461	449	462	449	450	454	454	455	458	464	460	459	465	266	462	461	462	
471	470	472	435	473	475	476	447	448	450	450	450	452	448	442	441	451	454	453	397	405	407	406	408	414	405	406	438	435	550	551	552	402	404	358	359	553	408	388	389	361	359	359	360	391	390	388	390	392	391	391	393	368	368	369	373	374	368	372	373	372	348	344	315	380	313	313	312	316	379	380	317	372	314	327	329	318	368	369	371	321	369	447	462	327	329	330	332	314	383	382	381	381	379	234	478	477	476	477	479	413	414	533	534	458	459	457	492	492	492	461	460	448	450	450	458	457	456	455	459	463	462	460	460	455	456	455	456	
472	342	342	472	475	476	476	474	475	451	438	438	447	449	440	443	402	399	401	403	404	407	406	407	405	404	406	439	552	552	551	553	408	405	358	411	554	409	407	363	360	358	359	391	357	356	391	392	392	368	392	367	365	369	369	373	367	378	374	373	372	347	346	345	371	371	373	371	380	504	380	376	315	315	316	317	363	371	370	370	369	369	328	329	328	336	333	315	333	332	380	477	476	477	384	244	246	477	478	249	415	246	533	532	529	457	456	491	464	463	493	449	327	328	451	459	453	457	456	456	463	463	455	454	455	456	454	455	
473	343	341	474	474	475	476	475	476	476	437	438	440	450	511	444	401	402	402	402	404	406	412	411	416	416	405	405	553	553	552	552	407	407	410	409	408	410	405	359	362	359	360	358	358	392	391	390	320	368	369	366	364	365	367	368	377	380	381	379	374	345	344	345	344	376	372	376	370	315	503	375	319	516	317	316	512	372	372	369	368	451	450	329	335	338	337	334	333	333	334	381	335	476	482	481	245	478	248	416	475	415	534	533	531	459	492	493	464	257	452	464	465	452	454	452	460	457	455	456	464	463	463	469	454	456	456	455	
346	340	475	475	475	476	479	477	454	441	440	439	441	451	452	453	454	528	526	527	528	410	411	412	417	415	394	406	554	554	406	401	406	435	436	411	411	404	405	406	406	361	363	359	359	359	391	321	367	368	366	365	366	365	366	378	370	379	377	378	374	375	345	362	350	376	375	371	316	373	504	500	376	497	515	317	317	513	376	375	331	330	331	330	337	336	337	336	336	332	334	335	334	335	481	480	251	249	253	252	412	473	532	409	409	458	254	255	256	455	421	453	451	450	451	461	455	456	463	460	465	467	470	470	471	472	456	473	
344	345	338	343	342	343	341	478	441	453	454	455	440	446	447	526	403	449	528	253	411	414	343	344	346	418	393	394	407	406	405	405	406	434	437	437	412	405	405	413	410	388	362	343	374	372	372	322	366	366	365	366	370	371	368	379	380	383	380	381	379	380	348	363	351	349	372	376	372	372	501	375	377	500	498	318	514	375	374	376	334	332	333	332	328	338	334	335	336	333	338	335	482	481	480	479	250	248	253	252	531	532	251	253	410	411	470	257	456	420	454	455	452	452	457	452	456	464	465	466	459	466	467	469	471	470	471	472	
346	345	341	337	339	343	346	477	479	442	345	345	446	445	446	528	527	448	526	528	542	543	413	347	345	347	391	392	393	406	404	404	433	436	437	406	438	413	412	414	389	344	387	342	340	371	370	367	371	370	364	364	365	364	372	380	378	382	382	380	363	364	379	352	350	379	377	375	371	315	370	376	376	499	499	517	369	511	512	375	516	333	375	338	341	339	329	337	336	339	337	333	344	485	480	249	253	253	252	255	531	532	252	411	412	411	411	410	411	455	455	456	464	453	459	456	335	334	321	321	465	471	470	470	386	472	473	470	
347	348	342	342	340	342	347	480	478	442	346	447	446	447	530	529	530	449	450	541	529	530	346	344	346	435	436	392	405	404	405	434	409	434	435	406	439	439	407	406	409	408	343	388	392	369	371	366	366	366	365	366	363	366	365	371	373	381	381	379	376	365	363	362	352	376	378	372	314	370	371	375	519	377	516	516	514	370	524	517	334	517	518	340	341	329	337	336	337	338	343	343	345	484	345	480	250	255	254	531	533	533	412	253	251	252	252	411	463	423	464	457	457	460	457	458	457	335	320	321	322	387	386	385	471	387	472	473	
342	343	344	345	339	342	343	344	347	346	439	443	451	450	449	448	449	454	540	454	526	439	528	437	395	396	392	407	406	406	542	418	409	408	407	436	440	410	407	407	409	394	395	392	391	393	368	346	342	365	365	371	370	367	376	375	372	381	378	377	366	362	361	362	351	354	377	370	371	397	373	375	518	520	515	515	515	513	513	523	335	518	519	340	375	376	329	337	337	338	345	344	344	484	344	345	256	256	532	533	532	534	534	535	252	252	251	252	422	462	465	463	458	427	458	457	334	336	337	319	320	462	387	460	388	473	472	471	
341	341	343	340	341	437	345	344	347	438	347	442	518	519	446	446	520	447	453	453	540	527	438	437	394	393	408	438	408	541	408	408	417	408	405	361	360	362	363	408	408	390	393	396	392	394	369	341	345	373	372	364	364	366	364	374	373	378	390	387	388	367	362	363	355	355	353	245	502	397	396	374	519	519	374	374	515	514	515	526	526	336	344	341	342	376	338	328	491	490	493	345	346	345	346	345	257	487	490	256	333	411	412	256	253	252	425	460	423	546	547	548	462	337	426	335	337	335	333	321	465	461	462	461	461	473	462	470	
342	344	342	438	437	342	345	447	446	348	439	348	519	446	445	449	448	521	448	452	541	455	542	347	348	349	394	541	540	416	407	414	409	418	406	407	412	361	409	409	391	393	391	397	339	340	338	346	340	344	367	367	363	365	363	374	379	387	378	389	390	375	361	362	363	356	246	354	355	397	395	397	522	522	375	517	516	527	526	525	528	527	343	342	342	338	331	330	493	492	339	490	483	345	343	346	485	486	488	535	534	334	410	255	426	425	425	424	547	546	466	548	463	337	336	335	336	334	334	463	464	323	322	461	462	461	471	472	
346	343	435	438	343	450	448	447	446	349	519	441	450	450	449	447	448	447	448	449	418	543	350	349	538	547	540	541	540	406	415	416	419	407	408	410	411	362	368	392	410	392	338	392	341	341	339	339	341	367	366	369	373	369	355	367	368	377	388	368	388	369	364	364	364	357	245	243	244	503	396	398	521	522	376	523	376	523	522	526	514	342	341	342	343	337	279	272	334	338	483	484	480	346	344	486	347	490	490	413	414	416	329	330	422	423	422	426	548	545	547	548	548	338	423	334	335	336	326	431	459	458	463	463	462	463	473	475	
343	510	436	510	448	448	447	449	520	518	520	520	449	449	450	448	452	451	454	455	453	419	351	350	539	548	416	542	542	541	419	419	415	418	410	412	413	412	366	367	513	329	339	331	330	393	335	340	342	366	367	370	372	354	368	369	368	369	368	369	370	371	370	365	358	365	367	244	244	397	403	397	505	522	523	523	523	395	523	517	518	515	343	342	343	338	338	341	340	337	338	290	485	345	488	345	491	487	414	415	415	416	328	327	329	338	424	423	424	549	539	279	278	342	337	336	335	336	425	430	430	330	329	328	463	473	474	475	
512	510	509	437	436	435	444	446	448	519	519	517	521	451	518	453	447	446	449	450	454	540	420	540	541	541	549	416	417	418	417	418	417	416	409	362	363	367	339	340	511	512	332	332	394	394	334	341	367	344	342	370	350	353	355	369	369	370	369	369	367	246	366	359	367	368	369	245	246	402	505	504	506	506	394	522	394	524	525	517	514	344	513	344	277	280	342	278	338	279	289	483	482	342	346	487	486	413	416	413	417	274	331	329	330	331	337	335	281	538	465	464	280	343	341	342	335	424	428	429	328	431	432	329	463	462	475	475	
504	504	509	508	506	445	446	447	447	519	518	520	521	522	519	520	448	447	448	451	539	540	458	542	420	540	418	543	544	418	411	419	411	412	367	364	366	368	341	342	341	514	514	333	335	335	333	335	342	343	377	371	355	351	354	370	364	365	371	244	368	369	247	249	249	249	246	247	247	403	404	405	397	399	393	523	394	393	339	273	341	340	341	278	279	278	277	278	276	278	278	483	344	345	344	347	487	414	415	485	273	272	273	330	331	332	337	336	539	280	466	281	546	545	546	343	334	425	425	427	327	327	328	328	329	463	463	476	
505	503	506	440	446	447	446	448	514	513	520	519	515	517	456	449	448	449	514	396	392	388	387	388	538	539	540	541	542	545	290	291	412	412	367	366	365	342	340	530	521	513	334	335	527	336	334	369	344	372	344	376	354	355	355	355	355	354	356	370	245	371	247	248	247	247	247	393	392	393	402	403	404	404	396	395	392	395	272	338	275	340	279	280	281	279	517	281	348	277	289	284	343	344	342	273	274	488	489	274	273	332	274	275	416	336	338	336	337	340	341	547	548	545	546	545	342	455	457	330	330	328	325	324	393	464	390	391	
504	515	511	447	439	516	448	449	515	450	512	448	453	448	518	519	514	515	395	515	544	538	387	537	539	540	288	548	293	292	291	291	413	520	413	367	366	527	313	532	531	514	526	550	526	335	335	372	371	345	346	371	356	355	354	355	357	248	355	356	248	246	249	385	248	374	247	392	391	399	402	401	404	403	396	398	529	523	396	273	274	341	280	280	280	281	339	280	347	280	283	290	346	344	345	272	490	489	485	331	330	333	276	417	415	273	339	468	337	545	451	448	447	546	544	545	453	456	456	457	329	326	325	325	449	394	392	396	
510	512	514	517	516	517	437	518	449	448	449	452	447	448	449	521	520	396	396	396	543	277	545	389	277	287	541	294	289	292	294	521	292	419	520	368	530	529	312	314	525	525	527	526	551	550	336	370	370	373	371	373	241	373	371	358	246	356	249	356	247	250	386	390	391	392	373	392	393	392	405	403	395	395	396	399	400	528	522	523	514	515	518	519	520	338	519	345	346	282	284	347	347	411	479	273	273	491	490	491	332	334	278	271	272	274	337	338	467	546	544	448	449	277	547	452	454	452	457	287	447	326	454	449	449	450	393	394	
510	509	513	515	517	515	517	436	450	448	502	448	448	450	449	520	540	541	542	551	545	544	277	276	509	542	288	288	293	291	292	293	520	521	524	317	530	526	525	315	524	526	527	528	549	553	552	371	241	372	373	241	374	240	372	358	357	250	564	562	251	250	243	391	402	393	392	394	403	393	405	404	396	396	394	399	519	522	521	522	278	517	517	277	280	347	346	346	343	342	343	411	348	410	490	479	492	482	333	333	455	334	455	279	280	275	275	468	467	545	545	276	546	547	548	452	451	285	288	458	448	448	448	396	451	452	395	396	
509	517	518	516	518	516	517	520	555	451	449	538	539	451	521	541	540	541	550	546	299	299	275	276	510	511	520	291	293	288	297	289	521	522	318	316	316	531	532	528	525	525	524	554	550	552	551	342	340	240	369	368	240	243	250	248	248	251	244	563	243	242	251	404	394	394	393	394	371	404	405	406	407	520	521	400	529	400	523	523	522	519	276	279	342	341	343	344	286	282	290	410	411	412	479	493	481	335	334	334	275	454	455	468	455	276	276	277	546	542	541	547	545	546	548	279	285	283	286	449	450	449	451	397	445	452	443	443	
520	518	516	517	519	520	519	521	506	540	538	537	540	522	522	510	547	546	550	537	538	298	277	511	295	521	290	517	522	299	296	288	290	291	317	317	532	304	527	530	529	525	555	556	553	553	343	341	371	370	241	376	237	242	250	251	249	251	245	244	244	251	243	405	390	253	391	390	391	252	247	407	521	408	402	522	522	523	522	523	524	277	344	343	390	390	345	285	285	344	411	291	289	484	490	488	489	488	483	280	277	276	455	454	467	456	456	465	541	542	543	543	546	544	545	280	286	286	290	450	451	451	450	444	446	444	442	444	
520	517	519	520	522	521	520	553	505	539	536	553	539	517	282	282	509	510	537	539	300	299	299	277	517	518	515	516	523	521	300	295	296	520	521	520	305	305	305	525	531	341	557	557	529	337	552	377	244	376	375	236	370	239	249	248	247	252	250	247	250	251	244	255	246	252	254	392	393	394	247	246	406	406	403	407	521	281	524	523	524	520	278	391	389	391	344	393	284	343	343	342	486	483	482	491	489	406	279	399	400	454	275	406	457	268	468	467	466	541	472	452	545	545	472	281	285	287	288	449	454	454	455	443	283	445	444	445	
528	529	512	513	520	521	521	523	554	553	552	555	554	540	280	281	511	536	534	533	280	279	539	540	278	520	517	299	298	522	523	522	521	520	519	306	521	520	521	526	342	340	338	553	558	555	236	245	558	376	237	371	238	240	569	248	249	251	248	251	251	255	255	254	253	254	255	394	394	392	393	249	407	381	380	532	408	522	279	280	522	521	392	391	390	392	392	392	392	341	342	487	343	485	408	483	491	395	405	398	453	403	275	274	275	456	468	467	459	543	544	471	470	471	472	287	288	286	290	287	287	453	454	444	287	285	445	443	
530	532	513	513	525	526	522	551	550	554	552	554	541	559	510	534	282	534	535	536	532	279	280	517	279	528	297	518	297	296	521	523	518	520	295	307	521	532	522	524	534	526	554	559	556	557	558	554	557	557	558	238	239	569	568	566	569	571	247	247	246	254	258	256	257	256	256	257	395	393	379	248	381	381	382	381	533	521	280	523	280	520	392	389	388	389	532	531	393	391	488	285	283	486	487	490	287	406	406	400	399	276	399	467	276	468	457	460	443	544	459	469	471	471	285	287	286	452	288	286	456	455	443	455	286	286	447	444	
531	518	514	514	524	521	517	518	555	551	551	555	557	558	287	509	533	532	533	536	280	282	520	280	280	529	296	522	297	522	297	535	536	536	294	521	522	531	523	531	533	535	519	520	558	558	243	555	556	376	234	238	240	238	569	569	248	570	239	247	245	259	246	257	257	256	255	249	249	378	249	247	380	382	521	533	521	530	531	531	521	533	390	388	390	534	530	533	392	392	286	284	283	485	285	286	287	407	459	458	404	401	400	401	469	466	459	460	459	442	467	460	471	470	474	473	472	472	451	453	288	459	460	446	447	446	447	446	
521	522	517	532	519	520	523	516	555	554	554	552	556	543	288	288	534	535	520	521	536	282	281	528	529	528	529	530	531	524	527	298	536	535	537	520	528	530	530	535	519	518	519	537	521	559	244	557	557	246	236	237	241	241	239	247	245	248	238	246	257	245	247	248	255	258	260	249	248	247	246	381	382	524	387	386	532	531	529	530	531	522	521	391	535	534	533	392	391	393	394	396	373	374	286	400	288	286	458	404	404	403	404	275	457	457	467	469	443	443	474	468	469	473	474	470	473	453	454	452	452	453	458	459	447	448	445	445	
531	529	528	530	521	532	522	532	553	555	553	557	558	557	544	535	535	519	534	535	536	283	284	523	524	530	529	533	536	532	526	526	533	532	536	536	527	529	518	532	536	519	536	533	532	522	245	246	245	244	237	238	242	243	244	249	245	239	237	245	258	247	249	258	257	258	258	259	250	250	400	247	378	525	387	524	532	531	530	533	531	532	532	520	521	535	534	393	392	285	396	395	374	285	282	399	286	459	455	405	403	405	276	459	461	456	469	468	556	444	475	473	474	470	469	474	452	453	452	451	453	459	461	445	446	447	446	454	
530	530	528	531	528	529	531	558	557	554	555	552	518	559	560	276	518	520	535	535	536	284	521	284	285	284	285	531	536	535	533	525	534	537	537	538	537	529	517	518	537	535	523	533	534	533	247	247	245	243	243	243	250	245	245	250	250	245	240	247	238	248	249	250	249	252	249	251	249	248	401	380	381	382	378	382	383	531	534	535	533	530	531	532	532	536	350	531	342	289	284	285	286	282	283	283	284	288	456	456	404	404	406	460	477	456	470	475	473	555	474	476	558	442	443	294	295	447	453	299	452	453	453	460	444	456	454	457	
530	529	530	529	530	531	531	532	558	558	517	518	518	521	277	530	529	527	521	522	536	535	537	285	286	286	286	287	536	534	534	524	525	538	525	538	534	536	518	519	520	538	536	522	536	535	536	246	246	244	242	246	244	246	244	251	244	248	248	240	239	248	250	249	251	251	252	250	252	248	247	381	379	382	383	379	380	381	536	537	538	539	532	531	533	533	351	343	289	288	290	291	287	283	287	286	287	404	403	403	457	407	462	407	471	457	458	474	475	474	476	557	559	444	293	294	450	449	300	454	298	453	287	445	455	456	456	458	
