481	480	458	479	478	479	480	463	479	478	474	473	484	487	486	483	488	487	486	487	485	354	352	351	352	455	351	352	453	364	368	365	361	361	362	363	360	359	360	360	448	365	448	451	451	452	455	454	449	448	449	437	436	439	438	433	434	433	434	335	336	337	336	335	350	350	349	347	596	345	346	597	598	597	596	597	372	371	372	597	596	376	375	376	369	369	368	351	352	353	348	349	348	360	365	362	355	364	541	540	538	539	540	541	542	543	545	527	528	536	532	535	533	539	538	536	534	535	537	536	537	538	540	541	538	539	538	542	
478	459	478	480	477	480	479	464	464	478	479	487	481	483	487	484	483	487	486	484	488	353	357	358	454	454	451	452	365	365	366	369	365	360	361	362	358	360	360	361	447	447	452	451	450	456	453	453	449	450	440	440	438	437	436	435	432	342	434	336	337	338	334	346	351	349	350	348	348	346	596	347	598	596	598	597	598	372	600	601	377	374	375	376	368	353	354	356	355	357	353	354	360	349	364	362	354	365	543	542	539	542	541	542	542	545	542	546	547	525	535	536	534	538	537	536	535	545	538	538	539	537	539	539	539	540	541	539	
477	477	462	477	478	481	467	485	467	466	486	475	486	482	482	482	482	483	488	487	485	354	368	367	454	453	365	450	359	452	366	367	368	363	360	359	360	364	359	448	446	448	448	453	454	455	454	449	449	451	456	439	439	450	435	436	438	343	337	338	337	345	345	361	350	349	350	357	357	597	595	595	599	595	598	599	600	599	601	378	375	376	373	606	377	355	354	355	356	363	359	360	356	350	363	362	361	366	543	548	543	542	541	542	543	544	544	543	548	534	535	534	533	534	535	539	541	532	544	548	548	536	537	540	540	541	543	540	
481	477	463	461	478	479	481	466	484	471	483	482	486	483	479	485	484	481	487	488	355	366	365	369	368	454	357	358	451	370	363	367	369	367	370	363	364	361	371	370	455	449	450	452	375	376	450	448	450	452	440	441	438	428	436	436	345	448	341	342	336	349	360	361	343	342	357	356	357	358	359	600	598	598	596	597	599	600	597	379	601	373	605	367	378	355	354	356	362	358	364	357	361	365	364	362	362	363	531	530	530	541	541	542	546	545	545	545	546	536	540	534	542	535	538	539	540	531	545	545	547	547	539	539	538	545	544	545	
479	482	461	460	478	478	482	483	470	470	481	480	481	488	484	485	486	486	488	487	356	365	364	369	367	356	357	360	362	362	363	369	371	369	370	362	362	364	377	448	375	376	375	374	363	374	451	364	449	439	438	428	440	427	437	449	450	447	448	342	349	348	346	356	343	356	357	357	605	599	601	601	595	597	599	601	600	606	605	606	608	372	368	606	368	365	370	360	363	361	355	362	362	364	366	367	356	529	530	529	543	548	548	542	548	546	544	544	546	537	539	541	541	538	532	533	529	528	532	533	532	540	534	535	539	544	545	546	
481	480	484	484	485	486	466	484	482	469	468	482	488	487	488	488	485	483	485	489	357	371	366	369	368	357	358	363	447	448	363	364	372	372	370	372	366	365	376	376	376	374	375	362	373	364	363	365	366	440	437	439	427	439	454	349	448	344	344	449	336	349	446	357	357	359	358	353	359	604	598	598	600	594	593	601	597	606	605	600	373	607	606	607	364	365	361	362	360	363	362	357	362	528	528	528	534	528	523	522	522	547	547	526	549	545	543	545	545	544	546	540	542	533	534	544	544	526	529	534	533	543	543	544	536	546	545	634	
481	487	481	485	482	486	469	481	482	467	470	469	470	484	485	484	480	484	369	484	372	373	369	366	370	372	358	364	448	361	364	373	368	367	369	375	374	378	355	354	375	452	375	361	360	374	440	366	440	438	439	438	439	428	348	347	348	453	453	359	446	445	358	358	359	360	352	427	601	602	603	601	599	601	593	593	604	596	601	606	599	372	371	368	365	368	361	361	361	362	535	534	528	531	527	534	533	529	529	521	523	523	524	526	525	524	546	547	544	543	541	539	536	541	542	544	527	543	525	526	540	542	540	541	545	544	544	542	
482	486	482	483	487	470	463	470	468	473	469	466	485	369	485	370	485	369	368	369	485	370	370	370	372	371	371	449	450	374	375	376	368	367	370	369	370	378	377	377	376	451	450	449	357	356	363	441	453	453	440	427	429	458	350	348	348	346	452	447	448	449	447	356	355	356	451	452	451	602	603	600	430	602	604	603	594	607	603	599	601	370	369	364	367	362	362	361	363	363	363	362	527	530	528	531	529	534	522	522	545	525	525	523	545	547	542	547	543	544	547	538	542	541	545	545	546	537	652	526	527	651	651	542	543	545	543	543	
489	490	483	483	474	463	474	469	469	471	472	465	486	467	370	368	369	486	369	371	370	486	371	371	370	369	363	372	364	459	357	459	363	369	368	371	371	358	379	378	453	452	453	448	449	357	456	457	443	454	456	459	453	459	459	452	451	451	449	453	359	360	359	359	357	354	451	450	451	604	429	430	429	430	604	605	595	547	596	377	368	370	369	525	363	366	363	522	521	364	363	527	529	531	530	527	528	530	531	521	522	544	537	543	543	543	544	543	546	546	542	541	542	542	543	546	538	539	541	653	654	650	645	644	544	648	648	542	
492	489	486	487	488	473	463	461	465	470	471	466	466	477	479	370	372	370	370	368	370	489	372	370	370	368	362	371	362	363	458	364	360	361	362	363	357	354	454	455	452	453	453	358	449	450	455	456	444	363	455	458	451	450	451	460	451	450	429	450	357	360	360	427	355	452	449	452	453	449	450	608	596	598	605	605	605	546	374	375	377	378	379	524	364	520	364	522	365	364	531	530	532	529	529	529	528	529	529	522	543	542	540	542	547	548	551	547	544	549	547	546	542	542	542	543	544	548	652	652	653	648	649	643	649	649	647	543	
490	491	488	469	488	494	462	462	464	470	472	473	467	478	478	479	484	371	354	369	373	489	373	371	369	371	370	363	364	363	359	372	365	366	362	449	357	355	455	456	457	454	452	451	452	453	455	360	454	454	453	452	449	452	453	454	453	452	453	360	451	452	426	428	449	450	449	449	448	449	448	609	607	608	607	604	607	608	610	539	371	543	523	374	525	522	521	523	524	531	530	535	529	535	367	530	531	534	535	544	544	536	543	548	512	511	550	549	548	539	548	537	536	541	540	545	547	537	653	640	654	640	546	654	649	648	557	544	
490	487	489	470	468	469	463	467	470	475	474	468	474	475	476	370	485	357	358	368	370	372	369	370	371	368	364	371	365	360	372	371	377	376	357	356	448	456	456	457	457	456	452	458	458	456	454	455	454	463	454	454	457	458	455	459	453	429	453	331	331	332	427	427	425	451	451	450	454	447	447	449	609	606	605	606	609	611	609	550	550	544	601	374	531	530	524	523	532	530	536	531	534	532	366	528	533	534	551	552	545	540	539	538	544	553	552	551	544	538	544	537	539	537	544	544	548	546	647	640	639	652	641	647	655	556	557	545	
486	487	465	464	492	469	468	469	469	474	473	471	474	370	369	371	371	356	359	369	370	358	369	368	371	372	366	366	368	366	376	375	374	373	376	356	362	377	378	355	456	456	453	457	457	457	455	366	464	455	457	456	455	454	458	348	348	445	446	447	330	426	427	427	426	426	424	425	452	450	448	449	605	607	430	610	611	610	550	549	551	545	545	551	525	529	530	527	524	531	534	535	535	533	367	365	533	550	365	364	550	551	370	543	539	540	539	540	543	544	543	543	638	543	543	544	545	646	546	648	653	640	641	642	645	648	546	648	
494	489	491	489	464	463	476	475	473	473	474	472	473	474	372	370	474	360	359	360	360	361	370	371	373	365	366	365	367	368	362	361	360	361	364	357	361	360	379	454	356	457	457	457	456	443	456	465	465	463	465	456	458	457	446	347	348	430	452	330	329	331	426	450	428	442	441	442	452	449	448	606	448	606	611	606	550	551	550	377	376	552	550	375	524	526	528	530	529	533	536	532	533	534	531	532	552	551	552	365	530	371	543	540	540	538	540	544	537	642	542	542	639	544	542	640	645	544	639	649	639	640	641	650	651	569	567	568	
492	493	463	463	462	461	462	465	476	474	465	474	476	477	373	480	479	480	360	348	361	371	377	377	359	365	364	366	368	369	363	361	362	373	363	364	365	361	361	453	456	457	457	457	457	457	442	442	443	459	461	462	457	458	458	458	447	449	451	429	333	332	427	429	449	442	450	451	449	450	450	449	450	607	429	549	552	549	604	605	606	376	632	376	526	529	528	529	530	532	531	532	531	533	530	531	532	367	366	530	366	529	537	544	537	539	541	539	644	643	641	644	545	646	641	543	647	648	548	640	640	640	646	648	649	569	578	580	
494	495	464	464	460	463	464	465	468	463	475	474	343	478	478	478	478	371	349	348	347	379	376	375	373	366	362	360	359	362	360	363	363	362	363	363	364	364	362	363	455	457	454	458	458	445	458	463	462	463	460	464	463	458	457	458	452	451	452	334	428	446	450	452	448	445	451	449	450	451	454	451	601	602	550	430	550	551	606	607	375	376	371	631	529	530	530	527	531	522	533	534	532	532	532	537	538	529	367	531	531	530	543	544	545	538	539	538	539	544	643	644	647	634	645	646	648	648	546	547	641	641	653	652	653	635	636	637	
462	492	464	463	461	468	466	472	468	464	463	475	482	476	477	471	472	351	346	345	378	377	378	376	374	374	363	361	370	360	361	360	360	361	359	365	363	364	363	447	454	455	456	453	453	452	448	449	450	462	462	461	468	437	459	450	452	451	453	460	460	451	445	451	452	450	450	452	453	452	453	600	601	602	603	369	366	552	607	374	375	374	375	370	531	528	528	528	534	521	534	534	531	533	533	534	530	529	529	530	533	529	536	538	540	539	537	539	539	540	543	628	645	649	648	647	647	649	545	548	641	642	652	654	653	654	638	638	
481	465	462	462	464	465	471	465	463	464	479	479	477	481	478	470	350	350	349	352	348	376	375	373	377	375	364	362	361	363	361	360	358	361	357	356	360	364	365	446	455	455	457	462	454	449	447	465	464	463	464	464	436	467	344	453	451	460	459	458	459	327	329	451	437	451	453	451	432	453	453	602	603	604	370	365	370	371	631	630	631	633	629	630	629	529	529	527	522	533	529	528	532	551	550	535	531	528	532	535	535	538	537	538	539	520	540	538	540	541	629	631	649	646	645	640	647	646	549	546	649	656	649	654	649	648	634	633	
466	479	481	470	469	470	471	464	467	338	480	478	336	337	482	349	348	351	351	349	347	381	382	374	376	376	458	363	363	364	362	362	360	355	360	359	361	359	447	448	456	456	458	456	461	450	448	466	467	464	467	435	455	437	343	342	339	458	459	456	458	329	328	445	452	436	454	454	433	436	432	604	603	367	366	367	348	371	372	631	632	630	631	630	631	630	524	528	523	534	533	533	531	533	552	370	533	533	531	534	533	531	519	518	544	521	521	540	517	516	541	630	631	647	656	641	649	649	650	652	657	648	655	653	652	633	638	639	
480	482	480	470	471	471	337	468	339	333	337	479	335	333	340	339	473	478	348	349	380	351	351	383	375	381	456	455	456	355	354	356	356	359	360	359	360	360	361	448	457	446	436	457	458	456	455	466	465	466	436	456	438	344	344	341	338	448	455	460	457	328	335	442	437	432	437	455	432	431	437	605	604	367	366	365	349	347	368	369	631	632	552	629	552	631	631	632	533	530	533	532	533	536	552	529	371	532	533	532	536	532	532	533	543	541	543	545	514	518	519	627	652	655	647	648	619	651	645	645	654	649	647	649	648	653	634	637	
483	485	482	488	484	485	471	336	334	338	338	468	334	474	341	472	479	349	350	347	348	352	350	379	380	376	461	457	457	355	355	357	357	357	358	357	360	359	360	362	449	448	435	456	457	457	454	455	467	449	457	435	445	454	445	344	338	456	457	440	441	336	432	438	432	433	348	349	430	367	606	436	606	369	366	346	346	367	368	369	632	365	552	551	631	630	631	632	531	532	534	534	533	532	535	551	372	533	534	534	533	534	536	544	542	542	520	519	519	627	519	628	655	648	655	649	649	649	646	650	646	645	650	649	649	638	638	638	
488	487	488	483	487	485	477	478	343	468	339	469	335	332	345	346	350	348	350	347	346	348	349	355	380	454	455	463	464	356	360	358	358	358	448	360	360	359	373	373	374	375	449	460	461	436	457	455	456	458	451	451	445	444	444	339	340	458	441	440	441	442	443	352	432	347	432	348	431	367	366	434	366	367	368	345	346	371	370	370	363	364	366	366	533	532	533	362	363	533	560	533	538	540	536	373	534	535	534	535	536	537	536	535	543	538	519	518	518	518	628	629	625	627	649	619	650	625	651	625	647	645	648	650	651	648	649	639	
487	489	487	487	484	488	486	344	471	342	342	342	342	336	335	335	345	344	346	347	344	480	348	355	348	358	359	463	359	360	359	359	360	359	357	371	361	361	372	371	372	373	374	457	435	456	458	436	450	452	450	459	445	443	338	447	446	459	439	357	354	442	444	351	432	433	349	347	368	354	435	436	435	369	349	369	368	369	369	371	364	365	365	531	533	533	534	534	534	535	559	539	541	541	541	540	557	533	534	536	539	536	532	535	537	548	522	547	519	629	628	627	626	629	623	622	626	650	624	652	646	649	646	638	637	638	647	638	
488	487	487	486	489	477	481	470	471	470	341	342	341	342	334	345	346	347	347	365	479	482	481	349	357	349	360	359	360	360	451	451	361	360	358	370	372	368	373	375	460	373	458	458	464	465	434	465	435	450	460	461	445	339	340	339	342	448	436	357	358	359	439	438	439	347	434	350	354	351	352	436	370	348	367	369	369	368	372	371	370	365	363	364	530	528	535	535	540	539	538	540	540	542	540	541	558	535	537	538	539	537	538	539	538	539	547	546	548	617	628	627	626	624	624	650	624	627	623	625	649	640	639	646	647	643	642	642	
489	488	489	488	476	490	476	471	344	472	503	343	348	347	346	335	336	363	364	364	480	481	351	350	348	358	359	360	376	373	451	452	453	454	363	372	371	372	369	371	374	459	460	465	465	463	466	433	449	434	435	446	446	447	449	343	447	449	350	437	358	357	357	445	440	349	354	353	357	357	358	353	366	370	368	368	369	368	369	370	371	372	367	364	365	532	534	531	540	536	541	549	550	530	543	541	541	535	536	530	531	533	538	537	540	530	547	535	532	533	534	631	565	631	630	626	625	626	626	638	650	651	636	640	641	569	652	641	
501	504	504	489	491	475	477	477	500	502	340	504	341	343	345	347	364	346	364	480	482	352	351	350	358	358	363	362	361	377	453	373	453	370	455	361	372	375	374	375	376	375	376	439	466	470	458	434	435	448	442	443	447	448	444	450	451	354	438	352	353	361	446	441	441	355	352	356	356	358	367	367	371	368	369	371	369	369	369	365	372	367	366	365	365	534	530	535	537	547	548	549	552	554	544	542	540	541	536	532	532	534	537	538	539	536	536	548	546	534	534	536	630	631	623	624	625	628	637	637	652	653	635	637	568	657	643	642	
502	485	503	485	498	484	499	499	482	503	342	341	341	342	343	345	347	362	366	348	455	352	349	350	357	364	363	362	361	376	372	372	374	367	369	374	373	372	375	472	472	472	442	438	467	459	459	435	436	445	443	443	448	449	449	450	451	351	352	351	360	361	500	501	448	355	355	356	501	357	359	366	367	367	369	370	371	615	368	617	364	367	600	366	533	533	536	553	554	554	553	555	556	541	540	541	542	532	531	542	533	530	529	538	528	542	535	551	536	554	535	621	564	564	626	625	626	569	649	638	638	650	635	636	635	555	656	656	
503	484	504	497	484	485	480	483	504	341	342	342	342	343	341	346	343	486	363	365	454	456	351	420	358	347	348	345	376	345	346	371	372	368	368	371	372	371	372	373	471	441	442	441	465	466	460	467	466	468	444	437	436	446	450	452	451	442	352	353	352	361	360	501	316	354	368	357	353	353	355	356	369	368	616	615	615	614	616	616	365	363	363	599	534	534	554	554	555	555	555	554	551	543	542	541	549	533	546	541	574	534	545	529	539	540	541	535	553	554	555	565	563	563	572	625	570	571	570	649	637	649	555	554	554	636	657	648	
486	485	497	496	481	483	484	481	498	499	500	341	343	342	342	342	485	364	425	364	420	426	457	454	421	359	346	377	346	344	372	372	373	373	369	369	367	373	373	373	471	442	440	441	442	467	461	478	466	467	468	448	438	439	353	442	441	440	441	350	363	364	367	367	317	317	318	355	503	501	356	503	361	617	360	616	616	613	613	366	617	361	362	598	367	535	603	536	538	555	556	555	551	552	542	545	542	548	545	570	569	574	544	575	544	540	576	531	531	565	566	564	564	571	571	626	572	573	653	650	650	649	650	660	555	574	654	558	
499	486	508	482	501	501	498	500	498	499	500	344	343	344	343	344	343	482	485	424	425	422	424	455	360	454	347	345	378	349	376	371	374	373	373	369	368	372	442	473	471	468	441	473	444	445	462	467	479	454	453	438	439	449	440	438	442	440	441	438	351	367	366	363	366	355	318	504	502	504	504	369	360	368	369	361	615	612	612	536	361	363	360	605	599	602	535	537	537	554	555	556	557	543	546	546	545	545	547	570	571	543	541	543	576	575	530	532	557	532	566	564	571	572	574	573	552	573	654	654	550	648	658	659	576	557	554	557	
498	498	483	507	499	500	498	497	499	500	501	482	481	482	478	482	482	481	482	486	423	423	423	357	452	458	348	346	347	377	377	452	373	374	370	369	373	373	441	472	472	473	467	468	472	443	478	480	449	452	453	450	437	440	444	443	441	444	442	445	439	368	364	367	362	356	358	359	358	503	368	501	361	370	370	371	362	361	613	537	360	360	606	603	604	553	536	557	558	554	555	556	502	504	544	505	543	548	544	548	577	578	542	542	578	532	533	529	556	557	565	565	565	570	564	570	569	570	571	553	552	551	656	657	558	659	553	555	
499	500	484	485	508	500	502	498	498	502	483	484	479	483	479	479	483	481	487	425	425	424	357	356	457	453	457	349	347	452	452	451	458	374	352	441	438	441	442	371	473	384	472	473	474	481	479	435	435	438	446	451	442	441	447	448	444	442	444	445	447	369	360	361	362	361	358	359	358	369	617	632	371	364	372	618	363	364	360	618	621	361	605	605	608	609	606	556	497	498	499	556	501	554	503	544	544	543	554	545	570	572	581	578	577	531	532	577	555	556	566	566	533	563	569	554	559	572	560	554	554	553	658	658	660	556	554	556	
485	485	498	508	510	500	499	503	499	500	504	482	484	480	480	480	482	482	482	424	425	424	388	458	454	356	350	351	349	451	356	452	459	459	460	461	438	437	438	370	372	473	473	471	474	385	386	481	436	437	445	444	452	442	446	443	443	445	443	444	358	359	364	362	448	417	450	359	360	616	616	618	631	373	373	617	635	361	369	370	619	620	606	606	606	607	601	608	609	548	546	500	502	496	501	502	545	552	557	558	567	571	573	580	578	579	576	580	578	554	567	554	554	570	552	553	553	554	558	558	561	553	555	659	555	560	555	555	
513	499	505	504	501	500	501	505	505	348	347	400	400	480	481	349	483	471	394	483	425	425	387	357	356	356	472	352	350	356	355	460	451	460	462	462	439	439	369	378	371	384	470	387	384	386	482	483	444	442	448	447	446	442	445	439	444	361	362	448	362	363	363	359	416	447	360	496	631	509	615	371	371	630	633	634	636	614	371	619	620	621	596	597	607	600	599	602	607	547	501	547	546	550	549	550	551	502	555	558	571	580	573	582	579	577	579	550	560	563	553	555	555	553	549	550	555	554	557	558	560	572	554	555	552	561	557	556	
508	506	503	508	507	504	504	504	347	346	401	399	399	481	482	350	351	397	395	393	392	393	358	388	472	471	473	351	477	351	356	452	461	444	463	474	473	440	376	377	376	383	388	389	482	483	387	448	445	443	446	447	448	446	445	438	362	363	449	361	447	363	445	446	445	448	447	497	501	502	614	632	372	497	635	618	617	615	620	616	615	618	620	598	600	600	601	611	611	611	504	544	545	510	551	550	546	550	549	558	557	567	581	568	582	578	570	573	549	562	562	556	570	566	582	580	554	553	572	559	559	555	558	555	573	559	557	558	
507	507	505	502	508	508	503	348	347	347	502	493	398	482	475	351	348	349	350	394	392	390	392	359	358	471	472	476	352	476	459	466	453	454	445	460	441	474	374	375	386	384	386	387	443	483	449	447	444	443	443	444	445	442	442	443	449	442	443	444	446	445	451	447	447	446	500	499	500	613	323	634	616	498	368	617	616	616	617	372	619	617	621	598	622	600	602	610	611	601	600	600	509	508	509	513	551	547	557	558	586	582	569	583	586	569	569	580	580	548	577	575	550	576	574	575	555	555	561	560	558	557	561	572	560	574	557	558	
499	498	508	497	507	509	510	499	504	501	502	399	399	399	397	347	352	347	393	393	396	455	456	456	457	359	477	353	477	353	459	454	477	476	461	461	375	376	376	375	480	481	386	483	485	486	484	448	448	375	443	444	448	443	441	450	450	440	443	444	445	446	452	447	448	446	451	445	446	322	635	500	501	323	324	615	617	617	617	373	618	622	622	623	623	599	601	611	609	612	599	601	602	550	512	510	509	558	547	567	568	585	568	585	570	568	555	576	579	580	578	576	551	575	574	573	556	556	575	562	570	562	563	562	575	558	559	557	
513	509	509	496	497	498	500	501	500	399	398	399	400	400	398	399	348	348	349	392	456	455	456	455	458	429	431	431	432	431	460	461	478	477	478	374	375	377	377	377	482	479	485	484	487	486	450	449	449	453	374	449	376	377	451	451	448	443	439	438	439	451	446	453	446	450	447	641	505	323	501	502	324	324	324	616	500	499	617	618	620	619	619	624	623	600	600	602	610	603	600	600	600	550	549	510	548	510	559	572	568	567	586	570	573	570	569	554	574	554	553	548	552	576	572	575	557	576	559	560	561	561	572	573	557	576	560	556	
514	514	497	509	508	507	499	501	502	497	503	400	398	399	400	349	395	394	396	397	398	456	457	437	428	432	434	430	429	433	462	400	477	476	478	374	375	374	376	483	383	480	480	446	382	452	449	451	452	453	375	375	374	452	450	442	447	454	458	440	439	452	447	375	449	449	642	642	504	615	535	534	325	618	615	615	617	614	615	375	621	617	618	624	623	602	601	602	611	601	602	601	599	551	601	511	512	511	511	573	571	568	569	568	575	570	636	575	576	577	556	555	547	548	557	573	572	558	561	557	574	561	560	574	577	559	583	557	
513	514	518	501	510	508	508	498	498	499	500	399	400	399	392	398	396	397	396	395	388	387	384	436	437	434	432	401	402	430	397	398	399	472	400	376	400	375	374	385	386	383	481	381	453	450	451	450	447	447	376	447	447	450	449	447	453	456	455	458	367	375	376	375	447	448	643	642	616	503	504	534	533	326	618	614	616	621	618	618	619	619	623	622	621	624	623	610	612	604	603	600	603	605	602	547	602	512	543	574	551	542	570	576	636	635	637	572	574	575	555	549	560	548	556	556	574	559	573	573	558	561	562	561	585	578	579	586	
514	514	515	516	500	509	496	495	499	495	495	401	402	393	400	393	397	399	396	399	398	387	434	385	435	431	435	433	400	400	400	399	403	400	472	377	401	377	378	379	381	379	382	490	484	451	451	451	446	445	448	376	446	451	451	449	448	456	459	457	456	374	448	449	449	373	618	373	374	504	502	506	505	505	616	616	617	620	617	617	623	617	618	622	623	625	612	611	611	509	506	508	606	601	603	549	550	603	542	543	541	625	574	577	635	634	634	633	573	575	576	556	559	558	557	557	558	560	630	559	583	559	560	590	589	584	583	584	
517	497	499	498	499	498	280	498	496	494	402	403	398	396	394	398	399	398	399	398	438	435	472	471	472	435	437	438	437	445	440	402	401	400	378	398	376	379	382	383	380	488	491	383	452	486	487	486	452	445	448	451	455	450	450	451	456	463	462	458	457	458	450	451	464	450	372	617	372	324	505	506	507	617	617	615	621	536	536	616	622	623	622	618	619	620	626	502	501	612	508	507	603	602	550	551	550	551	544	541	540	626	575	636	573	574	635	555	557	557	556	557	557	558	559	557	627	628	629	584	586	558	561	587	586	587	584	568	
498	518	521	497	497	499	281	279	499	500	280	404	399	398	399	400	399	399	399	437	438	471	469	475	387	433	434	473	438	443	443	439	397	396	397	399	384	385	384	402	360	361	490	358	485	360	362	487	451	447	387	454	451	362	449	453	452	457	466	456	457	458	450	464	451	463	373	371	452	618	506	505	613	613	537	618	535	537	536	618	617	620	619	618	619	625	501	500	613	614	508	509	602	558	618	621	556	571	570	541	542	539	627	635	575	575	628	633	556	557	554	558	559	560	630	629	629	630	629	585	586	583	560	572	572	571	585	571	
505	522	519	520	498	499	510	282	281	280	281	396	399	403	401	401	405	386	400	438	472	470	473	386	474	473	474	474	442	477	442	441	397	398	400	398	385	352	401	362	361	361	359	357	358	359	362	361	488	448	383	455	367	450	363	454	453	465	369	370	457	372	463	452	462	464	464	451	452	453	619	611	610	614	612	536	619	535	616	540	617	620	625	623	624	615	621	633	634	507	615	507	558	557	556	557	620	570	606	575	575	627	626	628	576	576	629	640	561	561	557	556	557	631	631	630	630	561	631	587	625	587	571	563	571	572	571	570	
506	504	505	387	505	500	283	509	283	407	407	407	402	402	403	404	406	404	405	390	409	471	510	387	475	474	387	475	443	478	440	399	378	396	401	400	401	400	403	402	358	360	367	487	360	361	488	361	486	487	487	382	381	368	364	464	368	381	370	371	463	371	372	453	463	463	373	453	376	375	620	380	609	610	537	537	535	614	615	615	618	616	624	626	615	613	613	614	634	514	616	508	558	558	557	558	559	607	608	574	571	572	549	631	637	633	639	630	633	560	561	626	558	628	629	630	631	562	630	588	624	567	570	564	565	574	575	571	
506	505	506	499	501	504	505	283	508	511	406	388	397	398	404	405	405	407	405	400	389	389	390	511	381	386	476	476	479	375	381	377	397	394	401	399	398	393	402	402	359	359	486	368	359	361	489	352	351	385	383	367	382	464	463	463	380	463	464	370	373	372	373	454	465	374	454	376	376	374	379	610	609	383	538	513	539	539	616	617	619	625	625	625	628	614	629	615	631	513	508	509	559	558	558	559	618	612	612	609	572	539	573	639	638	624	557	632	630	629	561	562	625	629	628	632	563	307	307	589	588	621	568	574	573	576	574	576	
393	392	393	500	285	506	506	507	509	510	511	389	387	398	397	408	406	405	388	389	388	390	384	510	384	477	478	475	377	374	381	380	379	385	378	399	400	360	401	403	358	350	367	368	350	362	490	361	385	384	368	382	368	463	462	464	464	461	368	374	374	374	535	463	463	376	455	375	377	375	375	610	383	382	514	515	623	538	617	618	525	526	525	627	628	510	508	616	512	513	619	508	559	559	510	619	613	611	573	570	549	572	543	574	575	622	623	633	557	561	561	563	560	561	626	627	308	308	308	589	624	623	624	625	575	573	571	575	
392	391	510	508	510	507	506	277	276	392	395	385	385	398	396	382	406	388	387	389	389	393	390	383	383	479	389	378	390	374	382	380	384	377	403	359	358	400	353	351	350	351	369	369	350	371	348	362	363	357	387	387	374	463	464	463	366	462	460	373	376	375	376	534	536	386	374	374	376	609	612	611	612	613	516	624	625	624	618	623	524	526	527	629	525	624	526	525	515	515	514	618	621	618	511	614	574	612	578	573	571	575	575	623	621	301	557	629	561	562	562	628	561	561	567	567	306	308	305	306	307	574	576	625	574	570	572	570	
510	511	509	394	394	511	505	394	393	275	396	384	384	385	397	400	381	382	390	390	391	510	392	389	389	480	388	391	391	383	376	376	377	377	378	404	360	353	354	353	351	368	370	368	369	370	367	363	369	358	356	386	373	367	465	466	366	461	461	377	376	462	376	377	383	385	375	373	375	376	613	614	618	614	517	614	626	625	537	534	536	523	619	624	623	523	516	622	514	516	514	622	616	620	617	573	577	577	612	579	545	576	576	543	551	542	550	630	563	629	563	564	627	568	566	306	305	306	303	304	578	576	626	574	574	575	569	573	
510	387	388	385	393	388	395	278	276	276	385	505	398	398	386	401	382	504	391	392	393	391	511	390	387	392	392	392	392	375	375	377	378	378	405	406	355	360	354	357	369	369	367	366	365	366	369	370	359	368	370	465	465	369	367	467	465	464	378	364	367	463	386	376	384	384	386	611	374	381	610	613	617	611	385	613	618	626	536	535	525	539	620	622	621	523	517	515	623	514	514	616	621	622	619	574	576	611	577	578	577	548	550	543	542	541	549	301	631	632	628	630	631	628	629	630	306	304	305	577	305	577	574	573	575	575	576	577	
390	389	387	394	388	388	279	277	277	505	504	384	399	399	392	387	383	392	503	394	393	392	392	388	388	386	374	393	380	388	389	379	380	377	379	380	384	383	357	355	370	371	358	366	352	368	371	370	360	355	369	464	367	368	370	464	466	465	463	363	367	366	464	385	385	387	375	389	380	608	608	611	610	615	612	386	387	508	627	617	539	538	504	505	521	622	623	507	551	552	617	539	540	541	623	543	612	576	579	579	543	549	549	543	542	550	540	632	302	632	304	555	556	557	556	557	305	305	578	336	576	306	574	574	572	577	578	579	
389	391	384	389	387	389	279	499	500	276	501	387	278	382	391	391	384	384	386	504	391	391	393	393	388	385	387	385	387	388	377	375	381	380	381	379	385	407	407	356	357	406	407	353	353	350	354	356	371	353	367	366	367	368	369	463	373	467	373	374	375	376	465	382	388	389	388	389	381	381	609	609	614	613	616	613	620	628	520	618	510	505	505	506	506	510	623	508	506	618	539	538	539	549	549	549	547	550	579	543	542	541	549	541	542	541	542	541	558	624	633	630	557	555	558	306	306	579	580	337	307	336	571	571	571	579	579	578	
388	389	383	390	388	383	500	499	498	501	500	284	389	286	383	384	281	395	387	391	505	395	394	389	389	387	389	388	389	389	376	394	376	379	380	381	408	384	355	354	408	358	408	354	309	310	354	355	355	354	471	470	472	369	368	368	368	372	373	363	375	377	359	360	377	389	377	390	377	611	382	610	610	614	615	619	619	508	521	521	509	507	508	510	509	505	526	527	528	539	540	540	539	550	548	578	545	580	549	622	624	543	540	543	540	540	557	557	304	549	632	631	631	632	556	338	308	580	308	337	337	570	572	568	570	562	580	580	
390	390	392	394	393	382	501	501	500	593	283	286	285	388	281	280	393	396	392	390	394	393	390	395	391	390	377	379	379	393	378	377	380	405	382	382	385	385	381	382	355	407	409	355	309	310	310	354	353	356	355	471	370	368	369	374	367	369	374	375	377	360	382	360	537	378	378	538	387	611	611	385	611	615	617	618	619	509	525	509	522	510	506	507	504	529	528	529	530	538	548	549	550	540	552	551	544	545	547	623	629	627	548	305	541	541	549	556	548	567	550	632	630	555	634	346	339	309	343	338	338	578	570	569	356	340	341	581	
391	389	383	391	394	501	500	501	502	592	287	286	285	389	283	395	390	394	391	394	392	391	394	389	391	389	379	378	379	392	413	414	406	379	411	392	386	379	382	383	410	408	408	418	310	312	311	354	355	357	356	358	371	371	369	373	372	373	376	376	378	379	374	539	538	538	538	375	386	612	612	615	614	612	616	618	401	509	508	366	366	507	507	508	506	509	505	553	502	502	547	548	549	550	549	550	550	545	546	550	549	628	549	304	540	547	547	549	557	549	550	631	631	633	634	555	345	342	310	311	338	356	355	355	570	339	342	341	
394	390	393	394	502	377	501	590	593	592	593	281	287	506	506	394	389	389	395	390	395	392	392	390	392	392	391	391	386	392	389	393	411	393	390	391	380	381	381	382	409	380	409	382	417	311	419	373	355	356	358	357	356	370	472	373	374	371	377	377	377	379	374	540	539	372	388	387	385	385	383	615	386	537	538	400	396	510	511	367	365	363	366	507	506	508	553	552	510	501	554	555	551	550	550	546	546	549	546	547	548	627	627	628	629	541	567	566	548	549	634	635	635	558	556	349	560	351	343	349	343	344	580	354	341	340	341	345	
394	393	392	393	378	378	600	384	285	286	285	591	280	504	508	507	509	388	394	311	391	395	397	391	390	391	390	393	387	388	389	391	392	412	395	389	383	383	406	382	380	379	408	408	395	418	418	373	374	356	368	367	358	367	368	367	362	362	370	378	379	381	382	540	371	540	372	386	312	385	384	318	540	538	539	397	533	395	510	366	361	365	359	509	509	551	551	553	554	506	505	503	552	551	552	547	548	547	305	629	305	627	626	627	638	637	565	566	565	552	636	636	634	634	557	350	559	351	352	348	349	342	355	355	355	342	356	346	
395	396	393	596	379	601	591	590	287	288	285	287	593	282	509	509	508	313	312	312	394	396	394	392	391	392	390	389	390	389	390	391	403	396	403	396	382	405	405	378	383	384	409	394	323	396	417	418	358	421	414	369	368	356	366	367	371	361	379	377	379	380	379	381	541	372	372	373	317	317	317	541	541	400	398	397	532	400	396	362	360	360	360	508	551	508	527	528	552	511	553	557	556	551	555	551	550	304	304	304	305	306	627	639	628	566	554	566	551	557	634	635	630	348	350	349	345	346	353	353	349	343	346	346	343	343	357	579	
287	394	395	394	595	597	595	288	591	289	286	285	592	593	594	311	313	312	313	311	312	313	395	392	397	387	387	392	384	391	392	404	397	402	404	415	415	404	406	407	384	397	410	411	393	388	389	359	417	413	421	367	366	365	366	367	368	372	362	386	385	380	381	382	382	372	373	371	315	316	542	540	400	399	359	360	401	401	360	359	359	361	509	360	509	553	530	528	553	553	552	380	557	557	555	552	550	622	303	305	308	306	307	627	628	568	567	553	552	637	635	637	349	349	348	350	346	350	351	349	354	344	344	346	344	344	345	602	
395	573	382	381	598	594	327	328	327	291	288	318	287	595	284	310	311	313	313	314	312	314	310	311	398	396	391	383	397	385	387	387	406	406	404	413	414	416	407	407	398	396	381	392	391	390	420	419	420	420	371	369	368	368	370	365	367	367	361	364	389	381	381	390	383	383	367	311	538	317	543	539	538	401	399	398	399	400	360	360	358	362	361	362	394	508	529	554	376	378	379	558	558	555	557	558	558	559	395	393	307	306	305	628	633	623	624	554	626	635	638	636	347	626	632	351	351	349	349	349	350	341	345	346	347	342	346	347	
575	290	574	572	574	598	599	326	328	290	289	288	287	288	289	311	309	311	312	308	307	310	312	311	399	399	395	396	384	388	386	388	389	405	405	415	412	413	408	415	381	397	397	393	392	392	393	421	417	419	420	369	367	370	369	370	366	360	363	390	389	388	389	312	313	310	310	310	316	537	318	539	541	540	399	400	397	400	361	403	359	363	361	395	395	395	393	395	381	380	555	554	554	556	558	552	557	559	552	394	308	306	304	305	632	632	637	625	636	637	630	631	639	346	346	349	348	350	351	350	341	342	343	348	341	594	347	603	
576	595	575	573	573	593	599	327	327	328	327	289	289	286	307	315	314	310	310	309	309	311	312	320	307	384	383	382	384	386	385	388	389	388	414	406	398	401	403	416	416	392	393	390	391	392	393	387	387	388	389	366	366	368	369	331	367	364	350	365	366	390	310	391	312	313	309	315	534	309	310	540	538	359	402	363	398	361	402	403	404	359	396	396	394	396	396	394	378	381	382	377	554	553	557	556	556	560	307	306	307	307	303	304	633	633	631	626	627	631	559	629	638	344	347	347	351	349	635	352	351	350	344	343	595	342	595	602	
596	599	604	576	574	600	592	574	328	329	329	309	312	311	312	315	311	307	310	306	310	320	319	320	308	402	396	392	396	385	387	385	400	387	397	396	333	402	404	400	417	394	393	391	391	393	393	386	387	361	419	365	372	372	333	350	349	351	349	364	368	311	368	367	313	311	314	310	313	535	537	311	312	363	362	364	399	395	366	404	360	405	397	396	395	395	378	395	377	379	378	556	379	555	383	382	557	555	556	557	307	302	632	305	635	636	634	632	557	558	632	629	345	346	342	343	352	350	350	339	353	342	351	345	342	342	601	605	
595	600	598	603	579	577	288	329	575	576	577	312	310	311	325	316	325	312	314	310	311	322	320	321	400	403	402	395	318	388	392	386	387	321	395	397	332	398	403	402	381	332	392	396	397	397	393	394	360	360	364	357	373	331	332	366	352	350	352	365	366	367	366	306	315	314	313	314	536	536	315	538	312	360	366	366	396	513	367	366	361	361	398	396	590	396	591	377	376	377	382	380	555	380	381	556	556	557	313	304	558	301	627	313	633	634	635	636	639	629	628	349	630	334	337	351	344	345	338	354	341	595	345	346	343	345	344	345	
596	601	602	580	580	576	287	574	574	575	311	313	576	311	312	324	325	385	384	385	311	323	326	401	603	400	401	400	319	393	392	318	318	323	416	396	331	400	329	330	331	383	384	397	395	394	396	421	423	363	340	367	368	369	333	367	367	374	373	351	373	367	307	308	308	312	315	312	537	538	316	316	359	365	362	365	395	370	512	510	407	403	401	397	591	401	601	381	376	377	376	381	381	382	382	382	383	557	319	314	302	302	312	632	634	299	636	636	637	638	559	638	639	631	335	338	345	336	339	337	600	341	342	346	342	344	344	605	
600	599	581	578	289	289	575	288	575	573	314	575	314	575	312	308	384	385	326	385	325	325	312	603	602	403	402	598	394	398	500	319	324	322	327	325	333	384	331	328	384	396	385	396	395	395	422	421	422	339	364	361	338	369	365	368	351	364	374	374	375	308	308	307	310	311	312	319	323	322	323	315	366	368	376	370	369	369	509	513	511	402	402	398	592	600	601	377	599	598	597	382	383	381	593	594	592	593	318	303	303	303	312	311	312	310	637	637	630	638	637	349	639	336	335	334	335	337	633	638	338	340	596	343	599	597	606	607	
604	605	604	289	288	288	335	288	335	575	576	315	574	333	576	386	385	325	326	326	324	325	311	603	326	311	317	597	399	500	499	323	323	322	326	322	321	383	383	332	395	386	381	383	396	374	396	423	422	423	365	362	339	340	369	349	350	347	365	376	339	319	308	309	310	310	311	313	361	323	316	367	363	364	367	375	368	510	514	372	512	403	403	399	602	601	602	597	597	612	597	598	378	597	596	593	319	317	595	306	306	304	310	313	306	310	309	311	639	638	635	636	640	337	338	335	336	394	637	344	340	339	344	345	598	599	603	604	
608	603	288	289	585	289	287	334	336	337	574	330	328	331	387	388	310	490	485	325	489	313	312	313	327	601	602	316	316	316	317	318	319	323	324	384	327	382	384	396	418	396	381	375	382	373	424	382	423	424	362	361	362	363	370	370	336	346	336	338	363	322	339	340	342	311	322	323	362	325	324	321	364	320	368	370	367	395	395	371	513	514	598	402	597	593	600	601	611	592	384	383	599	384	598	594	318	594	307	305	305	306	472	311	314	307	308	310	306	629	625	626	641	339	336	396	393	393	342	343	342	600	599	606	599	602	605	608	
607	606	585	291	289	290	335	333	334	334	335	336	329	336	330	333	323	327	489	489	313	313	601	326	600	314	311	315	499	502	501	323	322	326	330	326	332	382	383	417	397	379	376	385	376	384	383	383	383	363	364	362	592	364	347	352	335	593	339	362	339	323	342	341	309	312	323	325	324	366	366	365	321	365	321	369	370	369	369	594	598	599	597	403	596	592	599	599	610	591	612	613	383	599	595	468	319	595	319	309	309	310	307	315	308	474	309	307	305	638	627	628	629	338	337	337	392	393	394	598	602	602	601	600	599	600	609	604	
609	607	607	584	290	288	336	588	335	336	335	330	335	337	337	294	326	490	490	490	491	311	328	327	315	601	312	312	316	499	501	501	327	500	331	331	333	333	420	419	418	387	384	384	377	378	378	362	384	362	363	341	591	591	365	351	351	341	592	341	363	343	324	343	308	311	310	309	325	367	367	365	321	322	372	372	374	510	370	598	598	599	597	597	593	598	598	591	611	611	614	384	614	314	314	467	465	320	310	467	310	311	312	473	316	306	389	304	639	640	639	628	610	611	400	400	400	600	599	594	603	601	602	601	600	604	596	597	
609	608	271	290	289	290	337	334	589	336	332	293	294	295	293	293	327	327	328	325	491	328	329	329	602	602	602	313	399	400	501	502	502	328	393	381	332	392	382	381	506	388	388	377	376	377	363	363	345	347	342	341	592	590	350	592	590	592	593	591	340	340	344	314	315	309	311	311	310	366	366	318	364	365	373	371	511	372	511	371	597	596	596	594	595	597	607	608	591	600	591	600	385	615	469	467	466	467	464	311	466	475	474	475	476	388	467	597	641	306	638	637	609	611	612	399	400	401	597	598	600	594	603	602	639	642	639	601	
590	589	583	584	585	604	604	604	604	333	337	333	295	294	292	294	294	313	326	329	321	320	320	330	316	603	314	604	400	398	502	500	500	393	394	382	383	391	503	383	382	381	378	391	392	379	380	364	346	344	358	343	591	587	588	351	593	593	311	594	341	339	319	310	309	322	310	311	313	372	373	372	374	374	373	375	373	512	372	598	599	598	595	596	605	598	609	608	594	598	592	592	601	596	468	467	468	463	467	467	465	313	466	466	466	466	389	390	387	309	378	638	638	612	339	640	646	394	598	598	599	604	641	640	638	638	602	603	
588	589	585	584	590	604	603	603	336	338	332	342	336	342	316	316	314	314	321	316	317	322	483	606	326	318	605	326	327	328	399	500	500	499	394	395	396	503	502	383	381	380	381	506	507	392	380	381	365	359	373	374	344	345	589	590	592	312	314	314	343	318	343	323	321	313	311	312	311	372	371	375	373	374	372	375	374	374	599	404	582	606	607	596	599	606	599	599	599	599	593	598	595	594	597	465	465	466	468	469	314	467	464	467	467	388	388	386	388	308	308	639	645	602	645	342	595	601	599	600	636	637	596	598	641	636	635	635	
589	590	586	585	585	591	603	602	339	333	333	334	341	342	338	315	315	316	315	321	324	323	324	327	325	496	328	606	397	399	500	503	502	391	393	392	504	390	391	505	381	380	381	508	508	509	391	366	367	587	586	375	375	589	590	591	593	313	315	344	318	342	340	339	314	312	313	314	373	612	612	615	610	375	366	374	375	406	407	608	606	607	605	606	605	600	606	598	595	599	600	602	597	596	465	466	464	466	464	468	469	466	462	464	463	468	307	306	308	309	309	601	603	603	646	644	341	396	395	635	637	638	597	637	637	636	637	636	
591	291	290	586	593	592	585	334	335	609	334	342	343	343	343	316	316	317	318	322	324	324	328	332	499	495	327	326	398	497	501	498	394	392	392	396	393	394	393	504	383	382	382	507	510	392	392	368	390	585	586	588	587	588	589	590	359	362	345	318	317	341	341	340	341	313	312	311	312	611	614	374	371	372	367	375	373	608	607	606	607	606	607	584	579	606	597	598	600	607	610	601	471	473	465	464	465	463	464	468	469	470	467	468	465	308	308	307	382	310	605	604	600	604	602	647	602	402	636	638	598	638	638	602	639	637	637	635	
290	592	591	314	291	592	586	592	589	589	608	328	609	333	332	335	317	317	333	609	323	322	321	333	333	498	499	498	399	400	401	314	495	496	395	394	395	392	393	505	506	504	383	384	511	393	391	392	391	393	589	492	493	588	591	364	362	361	346	593	316	342	342	322	312	314	312	316	317	615	616	373	370	372	372	374	375	608	607	606	606	580	583	583	580	581	582	583	599	613	612	613	472	474	471	474	466	466	467	467	468	470	464	473	310	309	308	309	382	381	386	385	404	601	646	603	401	400	401	407	639	407	602	601	639	638	638	636	
290	288	289	290	292	293	587	591	590	609	590	329	329	341	334	330	333	332	320	320	321	323	327	322	332	330	324	400	313	401	402	313	497	396	394	396	394	394	395	507	506	505	506	505	363	394	392	388	490	392	607	606	605	366	366	363	360	363	362	592	593	343	320	321	313	313	315	316	317	313	314	372	371	320	324	608	607	605	606	605	377	607	582	583	584	618	583	602	603	613	599	600	475	472	473	474	446	447	446	447	466	463	464	473	474	475	306	470	469	387	385	404	387	602	404	388	607	402	605	600	406	406	599	603	602	400	645	645	
321	320	321	317	293	591	313	588	313	337	609	327	340	340	341	335	315	319	326	322	321	612	613	324	331	323	331	325	500	503	504	496	495	494	495	496	393	394	395	507	506	505	506	506	363	362	395	490	489	393	584	608	366	606	365	361	606	359	363	360	323	322	322	320	322	322	321	317	318	610	616	617	618	619	322	377	608	606	334	378	584	585	584	586	585	585	584	585	603	600	470	471	473	476	473	448	447	445	446	467	469	432	467	467	474	311	310	465	382	386	403	388	389	404	391	389	389	606	403	401	402	401	400	600	398	603	646	646	
324	322	323	322	323	324	592	312	314	314	610	336	341	342	315	316	325	325	326	321	326	613	614	331	321	322	324	501	501	504	505	505	500	496	496	497	495	507	396	507	505	504	507	507	395	396	396	394	394	587	585	491	367	366	367	366	362	605	610	609	323	320	315	321	321	322	323	312	311	617	611	617	620	621	619	323	323	325	333	334	335	584	585	583	608	583	617	616	617	615	616	469	470	477	477	449	448	448	445	467	468	431	468	468	468	463	464	383	382	381	382	404	391	390	604	403	404	404	398	640	641	399	402	601	398	397	582	647	
322	323	323	324	323	324	325	326	315	310	335	342	332	331	316	317	320	324	328	327	328	614	347	324	347	325	325	326	499	499	498	496	499	501	498	497	496	494	495	505	504	510	511	510	508	394	395	396	395	491	586	366	374	364	367	367	369	605	604	326	325	326	325	322	321	317	316	312	313	310	620	619	617	618	324	322	323	324	326	334	585	329	586	376	607	604	605	636	635	616	625	470	474	629	447	446	656	449	468	446	432	467	430	467	431	377	465	376	382	380	383	384	382	391	401	404	405	405	641	401	399	585	586	602	583	399	584	400	
321	311	296	311	319	312	327	336	335	311	336	332	330	331	316	315	319	327	326	329	328	327	345	346	324	326	325	326	498	499	497	498	499	500	500	497	498	496	499	505	506	511	509	392	391	395	396	395	395	396	496	497	493	375	602	603	606	608	607	608	327	326	327	322	316	318	319	312	319	312	311	312	619	617	619	324	323	332	339	337	328	604	609	608	377	600	637	636	636	637	626	627	471	447	446	445	657	442	448	447	447	429	430	431	378	378	386	379	379	439	381	387	382	383	384	405	402	406	402	400	402	584	584	584	582	585	399	401	
322	297	310	311	320	318	327	336	334	335	311	333	346	331	346	333	330	327	328	327	347	346	345	344	345	499	327	326	327	497	509	499	499	501	510	511	490	389	496	391	512	513	392	390	392	388	393	397	394	394	495	494	495	367	366	367	605	605	607	320	607	327	328	328	317	319	318	313	314	331	326	313	618	618	618	322	613	614	334	338	605	610	603	635	622	601	607	627	626	635	636	625	626	632	448	449	448	447	446	448	432	431	432	379	380	381	377	376	378	386	386	386	385	401	399	385	400	401	401	400	401	400	583	583	399	401	400	402	
300	298	311	321	316	319	319	337	303	314	334	347	332	345	344	333	344	329	331	329	327	344	343	328	344	345	329	328	500	501	508	500	513	507	506	509	508	497	498	331	514	393	334	394	391	395	407	398	393	389	393	496	496	368	395	604	368	604	319	323	325	323	329	319	313	317	319	331	330	331	324	325	620	619	323	619	615	612	335	606	339	611	611	332	634	621	622	636	626	637	637	455	630	457	450	630	445	444	448	445	449	433	427	399	396	393	378	434	435	386	387	386	402	400	401	402	386	399	578	402	401	404	401	578	400	402	401	403	
299	312	297	315	322	315	316	314	302	313	313	348	348	349	346	345	331	333	332	334	324	328	334	498	496	500	501	337	340	339	504	507	501	506	508	492	510	494	495	319	330	332	333	395	396	395	399	394	393	392	388	394	613	394	605	607	369	320	321	607	324	321	330	314	318	319	328	329	318	331	332	327	510	621	620	620	619	620	610	610	334	332	612	332	620	605	606	635	625	627	638	457	456	629	629	455	456	443	430	450	452	451	399	400	397	379	435	436	387	384	384	386	387	388	588	403	578	574	400	403	404	402	403	576	577	402	402	363	
298	313	316	313	316	315	314	313	313	312	314	347	349	350	347	332	346	333	333	321	335	334	333	497	498	501	339	507	506	507	508	505	496	498	509	310	511	310	311	491	332	333	390	391	396	395	405	397	393	391	392	393	612	614	612	365	594	602	606	323	608	322	322	324	328	318	326	326	328	324	332	325	623	622	621	624	624	609	610	618	335	333	334	607	606	638	639	638	639	454	630	629	630	628	627	454	453	604	451	449	454	454	399	397	398	399	397	398	388	439	385	384	581	389	587	588	578	573	578	580	403	402	403	358	403	403	362	363	
300	303	314	315	301	308	308	315	314	344	345	345	319	348	347	346	345	331	319	320	336	334	345	333	498	340	340	340	315	509	499	497	501	498	308	309	311	312	490	491	493	329	330	397	396	397	335	394	394	393	392	504	392	613	614	595	607	502	503	502	324	323	316	329	319	327	328	327	324	323	326	513	623	621	620	618	520	521	610	341	617	335	617	607	622	638	637	625	627	453	630	625	625	451	628	456	603	457	601	451	450	453	399	401	399	398	400	398	400	401	581	580	587	582	588	588	579	577	574	579	403	577	359	360	359	359	366	363	
302	307	316	316	309	307	309	308	316	346	347	344	345	322	345	317	316	334	345	336	337	335	344	343	341	341	339	338	314	343	499	329	501	500	343	344	387	495	493	492	493	339	331	335	336	337	395	393	392	391	506	391	496	609	505	608	615	503	506	503	503	324	330	318	319	328	357	326	324	324	322	322	624	619	520	519	617	626	334	333	340	341	621	623	619	620	608	638	624	628	452	624	449	458	457	458	604	455	450	602	451	454	400	403	402	403	400	399	400	401	398	584	587	583	589	588	578	564	580	575	578	577	358	577	360	366	365	367	
310	303	300	309	308	310	309	307	314	348	345	348	344	346	321	319	335	322	335	336	337	338	344	344	343	342	340	337	342	315	344	502	328	329	312	311	341	386	494	494	342	331	337	336	338	336	337	336	394	506	390	506	497	495	400	505	502	444	504	435	506	433	532	533	320	330	331	325	325	328	328	625	626	325	521	618	520	616	619	334	339	341	621	620	619	609	626	625	626	625	625	626	450	456	459	458	605	451	454	455	455	452	455	456	402	401	615	438	403	396	399	401	585	584	590	591	585	579	565	581	578	384	578	578	362	362	367	366	
312	309	304	312	330	312	308	305	315	312	347	343	344	343	317	320	321	319	345	345	341	344	339	347	340	340	343	334	331	345	344	343	342	343	341	343	344	343	495	495	330	341	339	409	408	409	337	394	393	507	505	404	498	400	399	505	443	505	441	436	433	508	434	510	332	620	621	332	326	326	327	621	519	324	519	616	615	623	619	618	344	342	344	621	622	625	624	346	626	348	626	627	457	626	455	454	456	606	406	448	456	456	404	405	429	614	398	437	398	402	441	400	586	385	585	584	528	528	577	580	581	577	383	579	363	577	579	367	
311	309	311	305	309	329	313	334	335	313	311	330	321	317	322	321	343	346	340	340	348	345	345	346	341	341	342	343	333	334	333	343	344	343	344	345	391	390	390	494	331	328	410	340	334	328	376	330	333	506	403	402	520	519	518	444	445	442	435	442	434	438	509	533	619	621	327	622	327	389	359	624	625	390	622	621	622	618	624	619	622	343	340	619	618	344	620	620	453	349	350	628	628	458	628	627	628	629	607	447	405	403	457	430	406	430	613	397	440	413	414	589	590	395	396	588	386	527	571	576	578	382	381	380	580	578	381	382	
311	310	311	308	528	330	328	333	327	330	329	312	322	323	324	324	342	316	316	348	347	346	344	347	342	343	344	351	333	334	311	324	344	342	323	323	388	388	389	332	408	407	406	335	403	335	374	375	409	332	399	402	520	521	518	444	445	532	443	442	448	438	448	449	534	390	328	328	391	388	389	392	391	623	622	620	621	620	625	634	633	347	339	628	624	619	619	621	619	452	453	454	626	627	628	627	454	455	448	448	404	405	619	431	618	431	404	404	416	415	415	595	394	395	396	385	385	572	571	570	580	579	382	573	572	579	380	572	
309	309	306	307	309	310	334	333	328	329	331	313	321	322	321	322	345	315	313	314	315	347	349	350	349	350	344	352	352	334	323	324	335	322	337	389	390	387	390	336	397	396	397	398	395	407	408	408	393	394	403	391	403	404	518	521	443	442	443	440	441	447	448	448	535	535	334	360	390	386	385	389	523	519	621	621	621	622	631	632	629	623	346	340	621	624	621	620	621	628	455	454	615	628	628	629	628	456	609	449	406	619	618	418	617	616	403	401	417	405	596	417	594	389	390	384	386	387	590	571	571	572	580	382	574	575	572	571	
311	525	308	308	526	335	525	532	330	532	314	324	323	322	323	324	325	344	318	545	544	348	343	344	349	348	351	355	353	353	323	336	323	336	322	510	389	345	345	337	389	390	397	396	396	406	402	399	409	412	392	390	407	404	630	520	522	442	445	441	449	447	447	449	449	365	335	336	387	386	388	390	391	524	520	622	621	622	623	624	627	628	347	345	624	623	624	626	627	616	617	614	455	616	629	611	613	612	610	407	408	619	402	405	417	415	401	400	402	595	594	591	415	388	383	384	387	569	591	591	570	569	569	570	575	573	572	572	
526	309	524	527	309	525	537	538	531	532	315	327	329	329	325	323	343	317	345	319	545	546	547	331	350	325	326	325	354	321	325	322	322	323	323	615	346	390	344	611	404	405	398	620	619	396	400	401	411	393	413	391	405	406	520	629	522	443	441	444	448	446	449	448	364	390	336	336	386	388	389	390	525	521	387	625	622	624	623	626	627	628	624	623	625	627	625	626	628	628	615	630	629	455	630	614	613	405	611	401	399	621	404	404	577	406	400	619	401	406	595	416	417	418	384	386	570	386	387	572	579	571	568	577	578	572	538	538	
313	527	314	528	310	524	537	536	311	316	527	310	330	328	324	328	318	318	345	546	542	544	331	330	326	326	327	328	322	320	322	323	324	615	616	390	614	615	345	611	610	327	406	620	618	619	404	410	402	416	414	414	408	440	407	521	630	628	442	444	449	449	447	448	448	391	392	388	337	389	388	391	385	394	395	624	504	623	637	637	637	634	636	625	625	626	623	627	602	603	602	630	631	406	456	404	614	406	406	400	398	616	405	403	404	405	620	399	400	407	406	407	415	418	417	418	419	390	388	573	578	573	572	572	578	573	537	537	
313	312	313	308	527	526	537	535	525	526	308	309	310	325	554	550	319	344	545	547	541	543	544	552	327	329	331	325	332	321	324	323	614	615	614	615	611	326	326	346	612	622	621	619	409	408	409	405	406	623	415	415	407	398	439	400	626	626	628	445	443	449	448	387	449	449	533	534	388	520	519	386	393	393	625	393	505	638	391	636	622	636	635	624	623	626	606	608	636	601	631	631	631	405	406	401	407	406	401	407	399	406	404	406	407	581	588	467	400	407	407	409	416	600	600	563	574	389	388	568	571	572	572	530	573	574	527	538	
312	530	531	307	307	308	527	526	536	526	313	309	310	326	553	553	320	340	340	346	348	545	544	553	328	329	331	330	331	333	321	615	616	617	615	616	610	325	612	612	326	610	620	622	403	403	623	624	624	624	402	402	445	445	440	442	625	626	629	630	444	533	530	533	386	388	534	532	389	520	518	387	387	626	393	626	395	627	393	629	637	637	625	625	626	607	607	605	635	604	633	632	630	632	406	407	402	402	620	404	617	405	405	583	584	408	587	465	466	467	408	388	601	601	599	573	390	389	569	569	572	573	527	527	575	575	573	526	
530	529	526	310	309	537	536	526	527	528	553	554	310	552	341	554	555	341	339	347	342	554	547	548	339	332	333	323	322	321	322	323	326	325	616	614	609	610	613	611	613	611	625	411	412	402	405	406	625	626	403	404	405	444	446	447	443	624	625	446	445	387	532	531	534	387	531	532	388	517	517	396	394	386	393	394	394	393	626	628	624	626	638	623	606	313	314	636	602	605	635	632	631	630	631	403	403	617	405	404	620	621	406	584	409	583	588	464	462	463	584	585	389	390	566	565	577	573	459	573	462	479	528	528	528	526	525	574	
310	530	527	527	306	526	532	537	536	530	553	554	530	531	551	553	553	555	339	338	554	555	554	471	340	331	324	323	322	342	322	323	325	614	617	614	625	625	614	627	612	329	631	624	403	630	622	404	407	404	404	401	401	403	469	442	443	626	421	446	421	540	386	533	387	388	391	532	390	534	518	395	395	395	394	395	395	394	392	623	625	639	627	607	312	628	312	313	637	636	623	633	630	622	621	624	404	404	616	405	621	407	620	623	618	584	582	463	582	581	582	586	466	391	462	578	458	572	573	481	461	479	480	527	529	527	526	526	
307	311	528	529	525	527	530	531	537	537	538	531	532	531	580	554	553	554	339	556	555	555	556	555	554	325	333	321	341	324	323	324	326	325	326	615	624	615	613	615	626	629	628	630	625	621	631	408	408	405	407	406	414	413	468	443	415	628	421	420	539	422	387	384	532	538	537	535	533	391	392	392	396	395	394	395	475	624	624	625	310	311	627	626	627	313	627	313	312	313	623	629	623	631	620	621	623	622	625	620	620	620	619	622	623	583	620	622	622	583	584	583	585	392	393	459	459	475	480	480	529	528	530	528	530	528	370	527	
528	529	527	530	529	528	529	531	538	529	539	532	540	360	579	580	556	582	555	555	556	556	469	471	470	332	472	332	322	476	477	475	324	620	325	326	616	327	614	328	325	625	328	625	629	630	631	621	633	631	631	634	413	414	412	417	416	632	631	422	421	423	538	385	390	390	392	534	391	452	393	398	393	395	476	474	474	474	475	311	312	544	547	546	313	314	312	626	630	313	624	624	624	621	634	622	621	624	623	474	473	620	623	473	623	624	409	621	583	523	584	464	584	463	464	384	476	476	465	474	473	463	529	529	530	528	538	539	
529	541	542	526	529	527	529	551	530	551	542	541	541	359	583	357	356	557	556	556	554	340	472	470	472	473	333	341	333	472	470	473	473	355	622	328	327	615	329	327	326	327	626	625	624	632	632	632	634	632	469	633	633	414	413	413	416	415	422	632	422	537	539	537	391	391	390	392	382	451	395	398	397	475	476	473	480	474	474	476	475	475	545	546	311	312	313	314	629	314	314	625	625	625	633	633	623	622	623	623	624	624	472	625	622	625	622	408	522	519	521	468	384	383	463	383	477	475	465	465	462	461	527	530	529	527	537	540	
540	540	538	530	527	530	529	529	550	355	553	554	358	582	583	357	357	557	558	559	555	580	580	349	348	470	330	332	473	471	471	472	476	354	623	329	329	340	331	344	348	347	348	625	622	635	631	632	625	626	631	632	469	413	414	415	414	427	416	417	423	421	422	423	392	393	394	381	452	384	476	454	476	473	476	474	473	479	474	473	474	476	545	548	313	312	315	628	629	614	568	569	626	626	632	619	619	622	620	624	622	472	476	473	624	586	585	409	409	522	469	470	469	464	472	479	476	478	463	464	464	463	486	529	485	538	536	537	
525	539	525	526	528	529	530	531	551	554	555	553	556	359	358	303	358	358	554	554	475	579	316	476	349	470	469	329	330	474	330	476	475	476	477	330	339	340	330	348	347	349	621	623	619	634	634	634	633	632	627	468	421	469	414	416	415	417	426	427	424	425	422	394	390	389	395	382	481	482	476	477	455	475	475	476	480	478	474	475	477	475	549	616	617	544	316	616	630	613	308	307	637	567	569	618	620	621	405	404	625	473	402	411	474	586	586	407	406	470	469	468	383	465	472	478	480	476	462	465	487	487	487	460	485	460	461	464	
538	524	539	531	530	531	552	552	551	552	555	554	555	360	358	302	356	357	581	555	556	315	477	475	350	476	468	468	330	473	329	331	475	354	341	340	341	340	345	331	344	476	350	620	621	626	627	641	633	642	469	470	478	420	416	417	419	416	426	426	425	423	541	393	393	384	392	391	480	477	482	483	487	476	477	479	477	478	477	478	476	475	617	548	549	548	549	618	617	573	309	573	566	623	568	619	405	406	405	406	624	411	410	412	412	409	411	409	405	471	580	582	466	472	479	391	477	476	466	475	474	487	485	460	459	460	461	469	
525	525	531	534	533	553	552	551	511	556	504	553	508	506	357	359	581	357	300	556	556	477	476	477	476	475	330	329	330	472	473	473	474	475	358	359	331	344	332	332	343	349	475	351	623	634	628	640	641	471	471	477	471	419	418	419	418	429	427	541	541	429	427	460	394	461	461	460	482	479	483	486	485	486	477	478	478	479	479	480	480	476	476	477	551	552	549	619	617	574	574	576	624	567	622	623	636	405	405	406	626	413	411	411	408	411	412	580	581	581	579	467	581	391	467	476	478	478	477	475	476	486	486	467	466	467	470	471	
526	526	535	533	532	533	525	510	552	553	504	503	508	507	508	299	582	299	557	580	557	314	475	477	473	476	331	469	332	331	474	474	360	475	476	357	343	345	345	344	349	349	349	349	350	411	410	409	408	409	472	474	418	472	418	418	419	428	428	430	427	485	394	459	458	460	460	463	463	463	464	458	457	481	480	480	481	478	481	478	477	477	551	549	549	550	567	566	618	616	617	625	318	317	623	621	637	404	619	626	627	404	412	305	409	410	411	409	581	582	473	475	475	468	389	388	479	479	476	477	466	475	476	459	462	468	460	467	
527	527	527	521	534	533	524	511	554	553	499	504	503	532	531	299	300	583	583	584	558	314	315	476	478	467	468	472	471	468	477	475	476	583	477	359	478	344	477	478	348	476	477	351	478	479	410	407	410	471	473	419	418	417	417	419	421	430	429	428	484	426	395	395	460	459	461	463	462	461	447	465	472	458	459	481	479	481	479	615	478	404	548	549	548	541	565	564	635	636	578	545	320	623	622	622	623	623	405	403	404	411	412	307	308	523	410	412	578	577	573	579	476	391	468	469	466	467	477	478	467	468	465	463	460	455	468	459	
530	532	536	537	526	535	529	512	506	501	500	501	505	533	300	308	516	313	582	580	580	477	315	314	316	468	471	473	474	469	477	478	476	582	479	477	477	475	477	478	349	474	481	479	352	408	480	481	405	474	473	419	418	481	482	481	482	422	432	490	489	396	394	458	394	492	462	459	461	462	446	466	465	471	482	477	405	480	480	400	403	550	549	550	549	540	566	540	636	635	637	636	319	320	622	622	622	622	561	406	405	413	570	306	305	409	417	411	417	587	578	572	392	391	470	471	467	465	466	478	466	468	464	458	461	461	462	463	
533	535	535	530	522	526	528	530	505	506	529	529	506	529	531	515	307	313	314	312	581	316	315	314	315	472	471	470	585	584	477	459	585	583	583	478	476	478	482	476	476	479	480	409	353	407	409	410	475	473	420	420	482	408	481	480	477	476	480	431	432	395	395	396	459	459	461	460	461	463	477	478	449	476	476	479	480	481	481	401	616	615	614	615	615	548	539	542	543	638	638	320	321	322	541	543	623	623	623	562	563	565	569	570	307	408	417	416	412	579	579	578	579	575	390	391	466	471	469	468	479	462	465	465	460	459	463	463	
532	536	534	535	524	527	529	529	321	506	530	531	532	530	530	514	308	314	314	311	309	310	315	314	316	470	472	586	453	586	478	460	583	482	479	482	480	483	475	478	477	482	482	410	408	408	411	410	476	477	472	470	483	407	482	481	477	480	479	481	481	460	396	465	458	461	461	462	463	477	478	450	477	470	480	480	482	623	407	408	446	479	614	552	614	616	543	567	543	574	321	572	323	540	540	541	540	565	563	565	564	564	569	572	571	416	415	413	417	579	578	385	580	391	390	467	393	470	469	480	480	480	463	462	460	460	460	404	
535	536	535	538	529	528	528	528	525	527	531	532	530	532	531	515	307	308	312	518	310	310	313	465	516	585	453	452	587	588	585	583	584	583	482	587	586	479	482	474	476	477	481	411	409	409	408	474	475	478	478	458	408	472	483	484	482	483	484	480	482	460	459	464	460	459	460	445	478	462	471	478	478	478	481	624	622	621	623	624	409	483	478	478	617	617	568	576	568	322	323	571	544	541	321	539	540	565	564	564	561	570	572	573	572	417	575	576	414	417	575	393	392	392	391	542	392	469	470	471	462	464	465	404	400	466	465	403	
537	534	539	528	537	530	529	525	524	526	526	531	526	531	311	312	311	310	313	311	313	312	468	312	464	515	586	587	516	581	582	582	581	584	484	587	481	480	481	475	475	474	470	408	406	409	473	475	476	479	457	457	473	474	476	483	484	478	484	462	481	482	459	458	459	460	447	447	463	464	464	479	469	479	623	450	623	624	531	578	623	482	479	477	618	618	545	316	575	574	575	576	572	543	540	540	562	560	559	560	304	305	572	571	573	415	577	574	418	574	573	574	393	394	541	541	390	393	470	472	470	463	402	401	402	463	404	464	
537	536	529	534	529	541	530	525	524	527	528	525	515	516	515	310	311	518	518	312	314	521	464	465	320	516	514	515	584	582	583	582	581	585	586	584	585	482	481	480	411	411	409	410	407	475	483	481	412	477	410	456	410	475	473	482	477	487	473	463	461	462	459	459	459	460	459	446	445	473	465	454	453	624	451	529	530	623	532	530	577	578	483	478	490	546	544	565	576	576	323	541	541	541	544	540	559	561	559	305	561	562	563	564	574	566	570	573	414	572	575	390	575	546	478	542	477	471	471	403	471	401	402	401	412	403	405	406	
538	539	535	528	535	531	540	525	526	527	529	529	513	514	517	312	311	519	519	316	315	520	465	319	320	515	587	585	585	581	583	580	581	582	586	587	483	587	481	482	412	410	416	417	408	475	474	455	412	411	478	409	411	486	476	477	486	453	433	455	433	454	461	461	460	461	469	467	467	467	468	473	472	473	453	452	448	534	533	578	533	481	579	491	584	566	564	577	566	565	564	565	573	540	542	541	539	542	562	560	563	568	566	566	567	569	567	571	579	572	572	576	545	541	541	477	478	481	482	404	471	472	402	411	402	413	406	401	
532	540	526	536	538	530	528	528	524	528	528	529	527	528	514	531	313	517	316	316	583	582	320	467	516	456	586	586	586	580	583	581	589	588	587	481	586	485	588	484	475	415	413	475	474	409	454	472	413	412	457	410	487	487	478	454	453	434	454	432	454	455	462	461	495	469	471	470	466	477	478	480	452	453	454	449	453	447	533	532	577	578	492	580	478	576	577	567	549	550	565	542	541	541	541	542	539	570	541	312	311	567	567	567	568	568	573	578	577	577	571	573	544	546	479	477	482	481	470	470	470	473	412	396	396	401	402	400	
533	533	532	527	539	529	530	527	524	523	521	528	521	529	515	528	532	518	532	519	519	582	581	321	469	583	587	588	540	540	540	584	327	585	585	482	586	589	589	629	485	486	477	478	476	474	479	472	471	639	488	641	483	488	488	452	451	454	433	455	431	454	432	463	450	470	469	482	466	476	476	451	451	475	452	473	477	451	442	443	578	579	494	493	479	479	485	484	551	565	564	564	540	563	541	542	569	540	430	313	312	313	571	577	569	577	572	576	575	577	576	584	587	480	481	478	482	399	398	469	469	403	404	397	400	401	401	406	
534	534	530	534	535	522	523	525	525	529	524	520	530	530	529	529	530	531	519	518	581	583	322	470	584	586	585	517	541	539	541	328	471	586	586	587	478	590	590	628	627	476	487	477	478	478	461	480	645	459	640	484	641	482	489	452	455	452	453	454	454	454	455	464	449	449	448	481	467	480	452	451	450	453	451	451	478	478	477	446	447	580	494	478	477	478	483	483	485	565	566	566	569	562	564	565	566	570	431	428	429	572	570	569	576	568	571	575	576	417	577	575	588	482	588	469	469	527	472	398	470	396	404	405	402	407	406	405	
527	525	524	535	587	586	524	527	530	529	529	521	527	514	530	531	530	521	519	525	520	519	519	585	585	584	585	586	516	542	543	542	586	587	488	487	477	587	588	466	473	475	475	475	623	478	481	644	643	642	460	641	640	463	452	638	453	454	454	454	453	452	450	450	452	455	482	483	484	478	478	451	446	452	445	452	479	477	447	448	445	446	449	495	478	478	479	482	484	567	565	568	570	570	566	568	570	432	431	422	573	571	312	570	569	571	570	575	416	578	574	576	589	549	469	589	590	526	473	471	397	402	403	397	399	408	409	411	
528	590	591	588	577	578	579	527	528	529	528	529	526	515	529	529	531	532	512	523	520	583	579	580	582	583	585	518	517	588	587	469	470	489	484	487	476	476	593	474	480	474	475	474	475	624	643	477	476	473	478	613	641	451	452	465	466	462	459	460	459	451	451	463	464	453	454	447	448	477	444	446	445	446	452	480	448	446	478	451	453	448	581	476	577	479	481	482	480	566	572	562	561	566	570	570	569	573	430	570	416	415	313	573	572	414	572	576	549	573	575	590	587	550	523	590	527	471	472	471	401	403	398	402	409	406	405	410	
528	527	589	589	578	591	526	580	523	524	530	527	516	527	530	515	520	520	523	524	554	557	580	482	482	483	584	586	587	589	470	469	468	490	485	486	488	477	475	594	479	475	475	585	625	476	624	476	477	477	612	614	614	452	464	466	467	458	461	460	460	459	461	461	462	455	444	440	481	445	443	442	446	446	445	443	445	446	452	452	451	449	490	477	478	481	573	487	481	564	571	562	562	562	563	569	429	572	571	425	424	425	416	414	572	417	577	577	577	548	575	546	549	551	531	533	532	473	470	406	401	400	398	399	403	403	411	406	
528	586	589	588	590	527	523	524	524	525	523	522	526	523	516	519	521	519	524	553	555	514	513	558	481	542	541	541	482	482	470	469	472	469	487	487	489	478	476	479	478	586	476	477	624	624	624	623	477	478	614	613	613	451	450	453	467	459	460	459	458	466	460	460	463	444	443	442	441	483	481	482	447	445	444	444	447	447	446	452	450	491	491	491	479	572	488	574	482	563	562	563	564	570	504	503	504	428	434	432	433	570	499	573	416	412	578	578	549	576	547	548	551	544	543	530	525	399	473	402	405	402	401	536	398	403	412	404	
585	532	590	591	526	535	534	522	526	524	524	526	525	517	585	517	529	518	527	554	559	558	557	559	483	484	480	527	481	485	486	487	473	542	473	473	481	490	592	593	476	476	585	586	625	625	623	622	478	624	625	626	616	449	452	450	439	460	634	460	440	439	465	466	444	446	448	441	446	447	482	483	439	440	448	447	449	450	453	454	452	490	602	490	450	450	451	575	571	572	565	565	560	574	506	503	502	429	433	430	499	498	430	501	433	434	577	579	586	548	549	549	553	553	532	531	533	400	472	406	403	402	403	535	401	402	405	403	
534	591	592	592	593	525	523	534	525	525	525	525	583	518	584	528	519	520	526	532	535	534	535	558	526	525	526	525	484	484	470	593	541	474	591	590	475	477	476	482	594	477	480	643	585	624	623	622	623	625	626	617	450	617	448	449	634	633	458	635	328	326	325	446	445	447	447	445	443	441	442	443	446	438	446	447	450	449	448	451	598	601	559	558	449	450	490	557	557	556	564	564	563	573	563	505	506	574	575	500	497	498	499	431	430	433	546	431	578	585	553	550	552	404	404	534	401	473	473	406	407	402	403	534	535	403	404	404	
536	537	535	593	594	535	532	533	535	526	587	587	584	529	528	585	521	530	554	555	532	536	537	516	559	527	526	485	485	481	482	542	594	594	592	476	478	476	477	478	478	592	593	479	642	643	623	624	627	626	627	627	616	452	449	449	634	635	457	324	327	327	458	456	447	448	445	446	447	448	443	445	441	444	447	449	447	448	448	449	453	600	560	451	450	451	555	556	571	565	557	437	565	562	506	423	504	505	573	498	499	428	501	502	429	436	428	579	430	586	551	552	553	552	535	538	405	404	405	404	405	406	536	406	398	589	586	587	
536	535	536	585	537	536	536	534	534	535	536	532	530	532	530	522	529	531	556	556	532	531	537	518	517	527	526	483	491	486	484	594	593	596	593	597	597	597	628	627	628	593	480	594	480	643	625	628	625	624	626	626	479	627	450	447	449	457	456	324	322	326	324	457	327	445	444	443	446	445	446	446	440	441	443	444	587	587	448	454	601	602	596	596	596	557	556	557	424	424	558	424	435	566	507	441	571	499	435	436	500	502	427	502	434	435	429	431	432	557	557	554	551	531	536	537	400	539	403	401	404	406	405	406	589	588	586	590	
536	537	586	586	584	538	532	533	538	536	537	589	531	580	533	531	528	529	530	533	531	532	520	563	518	519	525	491	492	489	483	485	597	597	595	596	597	629	628	628	629	641	595	481	638	638	644	637	639	627	457	458	625	626	628	448	450	452	457	484	326	325	328	325	446	445	445	447	446	450	451	450	603	601	602	588	588	586	455	456	455	602	603	595	597	485	558	557	423	557	558	422	425	424	423	440	424	498	507	434	503	424	426	581	435	578	541	543	541	433	556	558	540	544	538	539	538	401	401	402	405	401	583	403	588	585	589	589	
538	537	587	588	512	533	509	539	534	535	591	592	532	532	530	531	528	530	528	532	531	532	489	488	562	530	531	487	490	493	484	593	595	594	595	596	598	597	595	596	629	630	482	482	637	638	640	640	640	640	455	456	457	627	449	449	449	451	482	483	330	329	326	447	446	447	446	451	450	452	451	605	604	604	603	600	586	585	456	584	456	456	594	593	594	486	484	588	554	424	421	423	424	424	422	508	507	500	499	438	435	436	437	427	436	581	582	542	542	543	558	559	541	533	545	399	400	402	407	406	408	407	404	404	405	584	586	588	
