550	551	548	560	557	558	558	560	558	558	558	559	556	556	558	547	546	548	543	543	544	545	545	443	446	541	541	540	545	545	546	538	528	528	522	529	529	525	532	531	532	533	534	533	534	440	439	521	441	442	518	518	445	517	515	513	513	515	516	513	514	422	419	417	418	419	425	425	429	428	429	429	428	428	424	416	684	682	683	686	684	689	684	678	686	678	680	681	680	429	430	682	430	677	679	432	432	432	433	445	456	457	458	460	589	588	591	592	589	588	589	586	597	599	610	596	613	614	618	617	618	617	618	617	616	618	614	615	
552	560	559	549	550	557	557	562	561	562	558	559	560	555	560	557	547	544	545	542	543	544	444	444	445	535	540	542	546	544	537	544	527	527	528	528	529	530	532	530	529	530	534	526	443	446	522	440	519	519	523	517	518	518	519	514	517	518	513	517	514	515	416	418	423	427	426	424	430	427	430	429	429	429	424	684	683	684	684	687	688	687	686	685	677	676	677	679	680	430	428	681	682	678	679	430	433	432	433	434	457	455	456	459	460	592	591	592	591	457	590	462	598	597	595	596	616	615	618	615	616	618	619	621	622	617	623	617	
552	553	561	562	561	554	563	562	545	555	559	557	556	559	558	561	545	548	543	545	543	449	568	547	450	457	544	541	545	544	541	528	529	528	529	528	527	531	530	531	529	535	531	532	445	446	441	518	457	524	520	518	444	519	513	519	515	517	517	516	515	516	417	417	429	430	425	429	428	429	428	428	429	430	419	419	414	415	414	686	685	687	686	684	678	678	682	682	684	429	429	444	679	680	430	429	430	434	446	435	456	456	458	462	593	459	458	592	592	599	595	591	599	595	597	596	615	616	614	616	617	621	620	620	619	618	616	622	
556	556	554	555	562	562	546	545	545	547	560	558	560	561	559	554	542	543	546	544	570	449	448	449	456	542	456	545	546	542	529	534	437	529	532	528	532	530	531	532	532	530	529	530	446	447	457	456	517	523	522	521	445	519	514	517	518	516	517	516	516	516	517	418	427	427	426	427	430	429	430	429	430	427	418	419	416	415	684	413	688	687	683	685	686	678	683	432	430	430	445	443	681	446	442	430	430	447	448	428	436	437	459	459	463	460	459	596	595	593	592	594	597	596	622	621	618	617	615	620	619	622	619	620	620	620	621	622	
555	557	554	555	556	547	546	546	560	558	559	559	560	540	555	553	543	544	545	571	572	573	447	455	543	455	543	544	434	542	541	436	533	535	532	537	530	531	532	532	531	532	530	531	531	457	444	457	522	522	521	522	522	517	516	519	518	516	517	516	515	516	427	427	426	428	424	431	429	431	432	431	682	681	683	684	430	684	683	683	414	688	684	685	686	687	679	684	431	682	682	681	682	596	432	431	431	429	427	599	429	460	446	445	464	460	462	597	599	596	595	593	599	597	596	622	612	620	618	615	626	623	618	619	618	622	615	616	
558	556	554	555	557	542	555	554	553	559	559	560	561	542	542	544	544	545	560	547	448	448	454	446	454	437	454	435	433	433	435	437	436	534	536	535	536	530	532	532	455	525	531	533	458	530	456	457	523	449	522	524	513	517	515	519	520	515	516	517	517	426	425	426	519	427	424	432	518	432	433	434	684	684	685	417	416	415	686	682	414	686	685	679	687	682	680	431	432	684	440	433	595	595	598	597	597	597	598	600	430	431	446	594	465	463	463	598	595	599	598	596	594	598	623	623	613	621	625	624	624	626	623	617	621	616	615	614	
559	553	557	542	541	543	555	556	558	559	560	563	562	541	559	545	559	546	563	562	565	447	449	453	454	453	436	550	436	437	436	437	436	537	537	533	534	531	533	533	456	453	453	534	456	456	456	455	458	523	523	511	512	520	516	516	515	516	515	518	517	515	427	518	426	520	440	441	441	434	434	440	435	683	686	418	419	415	685	685	683	678	678	678	687	681	432	431	430	441	432	439	596	594	596	596	597	598	596	595	596	595	443	466	464	462	599	599	598	595	600	599	599	599	622	614	615	614	623	623	622	622	627	617	618	620	619	616	
551	552	554	555	542	561	558	557	560	561	559	560	542	563	544	558	547	555	556	564	448	570	452	452	452	453	453	454	550	437	438	434	437	535	444	443	444	532	454	525	534	451	454	452	452	455	454	456	445	453	453	510	509	517	511	516	517	514	517	516	519	524	514	515	528	423	439	440	442	438	435	438	437	684	685	420	683	682	686	684	684	679	679	431	682	680	433	428	429	442	431	432	596	595	597	597	598	595	594	595	597	595	596	465	463	463	462	466	596	597	597	595	595	600	597	614	615	614	624	621	624	617	618	628	621	622	621	617	
557	556	557	558	556	558	560	559	556	557	554	560	562	562	559	558	560	567	565	565	450	453	453	451	453	453	454	549	545	459	438	436	437	436	437	442	445	445	453	453	535	455	453	441	453	455	456	446	444	454	452	512	510	512	512	513	517	516	521	522	517	516	514	513	529	527	426	438	441	435	434	434	685	412	416	414	415	687	686	685	685	680	680	681	683	432	434	430	431	430	598	597	433	597	596	598	599	596	597	595	596	596	596	593	591	461	461	461	467	589	590	597	596	622	621	616	611	715	623	625	620	621	622	621	625	624	623	624	
557	557	557	554	551	561	540	560	560	553	561	559	561	561	548	559	561	566	566	560	454	454	452	467	454	530	457	458	544	543	458	458	456	434	457	534	443	535	453	452	536	454	453	433	440	442	454	443	456	445	455	511	511	511	515	513	514	517	517	520	517	518	515	517	528	425	528	529	437	436	433	434	413	436	435	673	673	678	675	676	681	681	682	682	430	431	433	430	431	597	431	601	429	430	431	597	595	599	597	595	592	597	597	437	592	459	460	606	462	590	591	591	623	619	618	619	612	604	605	624	622	619	618	621	620	729	625	623	
557	556	552	555	552	552	553	549	550	559	558	562	546	547	546	547	560	573	574	561	455	466	466	468	457	531	529	458	542	547	459	457	435	460	535	538	537	537	456	456	453	537	433	432	434	453	445	455	446	437	453	500	512	521	520	514	517	523	519	518	518	518	516	527	528	527	528	531	527	434	432	433	435	686	685	686	672	677	677	674	681	680	681	672	672	673	432	451	453	451	453	454	431	433	602	602	595	594	595	598	436	436	435	461	436	462	461	463	463	596	592	596	597	600	622	604	603	623	624	621	622	617	617	623	624	730	728	624	
556	557	555	551	556	552	550	548	550	560	559	559	560	555	547	548	571	575	568	562	467	466	462	460	458	529	529	543	543	545	546	436	460	459	539	538	439	536	456	455	509	452	433	432	431	444	446	442	447	436	437	454	501	435	523	532	533	520	522	517	517	518	514	526	528	527	525	530	526	528	529	433	533	436	437	684	685	422	676	675	678	671	672	671	674	673	674	434	452	452	453	454	455	432	434	605	604	605	594	595	435	435	436	438	435	592	591	604	597	595	597	598	603	596	603	604	605	624	622	615	624	617	619	621	622	624	625	734	
547	554	555	556	552	554	551	550	549	553	561	555	554	539	549	573	573	567	563	564	465	455	462	461	471	530	544	438	546	532	547	460	462	428	460	534	438	457	456	455	508	455	432	432	445	431	443	447	448	433	434	435	434	531	531	522	521	534	519	518	516	515	518	519	516	527	528	528	527	514	532	532	440	436	438	438	423	422	421	445	672	670	672	454	454	455	457	434	433	445	455	454	598	456	604	606	604	605	595	593	434	594	439	442	593	593	612	605	605	596	609	604	597	602	605	716	717	620	614	621	624	623	620	620	623	734	733	737	
546	547	549	549	555	552	555	553	554	537	562	562	556	555	550	572	578	572	566	469	466	464	465	449	470	472	453	451	439	462	465	464	429	426	427	536	535	537	504	508	438	456	456	446	432	434	444	435	436	433	432	433	536	522	530	530	522	516	515	518	532	517	520	518	535	529	529	528	514	513	531	440	439	437	438	678	675	674	675	420	447	673	454	453	449	451	454	456	434	443	444	454	596	596	457	604	605	446	606	595	598	593	592	441	443	614	611	608	607	608	610	605	604	603	604	606	714	715	622	621	622	619	621	622	735	737	736	740	
547	550	548	549	549	553	553	559	556	555	559	561	538	539	543	571	578	579	567	567	575	581	574	450	448	469	452	450	463	440	463	464	426	425	424	505	506	427	508	507	507	437	438	435	438	439	438	431	436	435	433	537	521	526	525	531	521	515	516	529	531	518	519	520	534	533	534	530	514	678	532	438	682	687	690	677	676	679	449	448	446	447	446	452	450	456	455	455	455	436	444	439	595	599	595	605	445	446	600	597	594	436	593	591	613	617	612	607	608	609	607	606	607	605	609	609	715	609	717	720	719	620	721	622	739	741	739	741	
554	549	550	549	556	555	558	559	559	558	561	561	562	563	564	542	574	579	568	568	459	458	573	567	445	447	451	451	450	536	537	464	465	466	537	506	505	505	508	506	510	433	430	436	439	436	509	536	535	431	436	524	501	524	532	524	524	516	528	532	530	530	532	520	532	535	536	529	531	676	439	682	681	682	690	689	680	681	450	449	674	673	453	450	457	451	456	456	457	441	439	438	440	444	598	598	599	606	595	438	437	595	594	614	615	615	608	615	610	611	611	607	607	607	608	607	608	722	720	717	720	720	621	722	719	740	741	714	
553	554	550	555	555	559	554	559	558	562	559	562	563	562	563	573	574	559	559	569	569	460	461	565	566	448	452	452	539	540	541	539	538	539	511	509	510	509	506	544	507	511	535	535	431	534	437	536	533	437	435	435	535	500	501	523	518	517	515	516	529	530	532	531	521	536	539	530	534	538	672	673	680	685	690	692	418	417	678	450	674	454	451	453	454	455	453	458	440	442	440	443	599	597	443	599	597	446	596	592	591	596	593	594	595	591	614	622	623	596	596	597	608	607	609	608	608	609	720	722	721	726	729	728	719	718	741	718	
555	553	560	555	560	560	554	555	559	558	560	560	563	564	562	575	564	559	558	578	460	460	566	567	449	450	447	577	540	457	541	540	537	510	510	511	510	511	510	535	546	545	536	534	529	438	536	533	532	537	538	534	533	523	501	525	524	519	516	530	531	530	529	518	533	528	531	539	536	535	537	674	681	691	689	417	416	417	418	452	680	455	452	453	452	451	453	689	688	439	441	440	608	602	600	598	446	445	599	598	597	592	595	601	612	594	615	595	595	597	613	597	609	613	612	607	610	610	622	721	722	724	726	728	710	719	710	711	
554	555	559	561	559	555	559	558	555	562	567	559	560	564	573	572	560	562	564	565	579	580	565	565	573	457	576	540	538	465	542	458	538	511	511	512	511	505	506	534	546	527	535	527	528	535	535	533	533	536	535	538	539	536	531	526	518	532	517	517	529	530	530	531	532	533	538	537	537	536	536	551	550	441	440	692	418	418	680	679	450	453	453	454	454	452	688	686	690	440	447	609	441	600	603	604	605	598	598	597	593	600	593	627	598	616	616	615	616	594	612	600	597	614	608	608	609	718	624	626	723	724	727	726	728	726	717	711	
555	560	557	556	558	561	559	560	557	558	566	561	560	561	563	562	573	560	571	570	566	567	564	566	457	576	456	577	464	541	457	542	450	507	506	512	507	506	528	533	526	536	536	536	536	529	534	541	535	538	537	537	538	528	528	529	503	533	518	518	518	529	531	525	534	522	539	538	539	553	552	547	549	551	693	693	437	679	680	681	423	449	693	454	453	455	686	686	687	441	448	446	447	442	444	604	599	621	598	598	599	601	598	597	626	612	613	615	616	593	599	594	725	615	718	598	722	718	625	724	622	724	730	728	725	722	723	716	
566	554	559	557	557	560	558	559	559	565	562	567	562	563	563	570	570	566	459	460	567	565	563	458	567	458	575	578	579	457	452	458	459	448	508	507	509	509	507	527	510	509	538	537	532	537	537	539	539	539	537	538	537	528	527	504	530	530	515	531	530	519	534	525	524	533	534	538	539	554	553	553	552	692	436	437	436	442	421	422	424	424	681	680	690	681	451	609	610	444	444	444	443	445	621	621	620	618	622	619	592	599	599	629	629	613	614	615	616	608	592	593	609	719	616	601	721	724	725	716	716	622	729	736	723	727	721	724	
566	565	566	558	561	558	559	557	558	562	563	563	568	560	571	571	569	563	565	566	455	564	566	564	565	576	577	577	580	455	456	458	453	449	508	508	509	508	509	510	503	511	506	506	538	531	540	538	538	539	536	540	540	540	529	528	529	530	532	521	531	520	535	525	526	535	525	540	539	534	686	549	545	546	434	435	441	437	443	420	422	423	447	448	681	682	450	608	445	446	443	442	443	447	446	621	619	620	619	623	591	592	593	630	628	619	616	616	609	620	593	610	609	608	609	722	623	618	725	627	715	736	736	735	735	737	719	720	
554	555	566	567	556	559	556	565	567	565	566	569	562	563	570	570	570	566	567	456	567	565	567	567	568	463	462	579	578	457	457	454	565	454	569	509	509	509	509	511	504	503	507	508	506	532	539	541	539	539	540	540	539	532	541	528	523	521	522	521	535	534	537	538	525	527	526	533	541	540	535	547	548	547	548	441	440	442	441	686	684	423	681	682	683	685	451	452	448	447	445	441	440	619	620	621	620	600	620	600	593	592	632	627	628	618	617	618	619	610	621	628	611	594	610	624	622	726	622	735	621	622	735	736	732	734	736	739	
553	554	563	557	556	555	566	566	566	564	564	564	564	571	571	569	566	567	565	457	566	568	461	461	461	464	465	466	467	511	462	512	455	568	569	508	554	508	510	510	504	503	508	508	505	506	540	540	501	540	503	531	531	529	529	529	524	522	520	521	532	533	534	538	535	527	527	528	532	533	685	440	453	549	443	441	444	441	687	688	685	682	424	683	683	684	603	602	603	617	442	443	444	620	444	444	445	597	621	599	601	594	631	628	630	620	617	620	611	611	621	627	629	630	611	596	623	622	738	739	736	733	732	736	731	735	738	737	
555	563	567	563	561	561	556	567	554	573	572	563	565	557	557	567	571	572	568	454	564	565	460	461	459	460	462	468	460	461	462	511	513	511	509	555	569	573	509	505	504	509	506	509	509	502	507	500	543	542	502	503	536	532	530	533	533	523	522	522	532	429	526	527	528	533	533	528	522	521	526	440	439	452	550	454	546	546	546	681	680	681	680	681	544	682	618	675	603	618	618	445	445	443	445	445	446	596	598	598	595	622	630	629	623	622	618	621	613	612	626	630	631	612	736	631	624	623	624	738	740	732	731	736	737	732	736	737	
564	562	566	562	560	562	562	562	555	562	564	565	562	571	568	572	576	457	455	455	563	456	562	561	461	463	460	461	453	569	462	511	465	512	510	568	570	512	512	510	501	504	505	501	501	504	546	542	539	542	532	540	535	531	532	532	533	524	531	524	535	527	428	529	536	534	534	534	532	532	525	674	441	442	455	678	446	690	682	682	681	679	681	545	543	673	679	674	620	686	687	603	446	602	434	446	624	610	608	604	599	600	621	630	623	624	622	626	622	617	598	597	632	629	630	737	627	623	736	741	732	731	737	733	733	610	610	611	
565	566	565	567	563	562	561	563	563	556	565	575	563	559	570	572	575	576	456	456	564	560	560	571	562	565	464	465	455	570	570	570	464	462	461	573	576	466	511	511	445	503	506	502	502	502	503	542	541	540	534	533	517	516	517	533	534	530	524	525	523	516	427	530	535	678	535	539	538	533	526	537	679	442	454	442	689	445	683	683	680	680	680	544	544	672	673	674	687	688	605	604	432	433	603	623	610	625	605	602	602	632	631	620	610	623	625	626	625	595	613	734	736	735	733	626	627	738	718	722	742	743	734	734	610	609	612	613	
567	564	561	568	559	564	561	563	561	555	557	558	562	562	571	572	574	567	566	566	565	559	563	562	570	465	564	565	571	568	571	569	577	465	574	577	578	575	465	469	470	446	503	503	503	503	502	542	502	542	517	516	534	515	518	534	509	510	511	522	517	501	517	531	503	536	677	536	534	521	534	678	538	674	675	443	444	548	547	547	546	683	543	682	545	545	546	687	684	685	686	606	434	607	624	603	627	600	606	620	621	622	621	611	615	622	622	612	628	626	628	735	733	731	627	736	735	737	719	722	724	723	719	723	722	608	610	611	
553	562	552	560	568	563	562	562	556	556	553	554	561	563	560	558	559	567	568	567	560	564	560	451	565	450	565	570	569	573	570	573	577	576	575	464	575	574	503	466	471	445	507	504	504	505	543	501	502	544	508	516	514	506	518	510	535	510	521	518	518	520	500	502	537	676	528	535	457	458	522	679	679	539	691	689	549	548	548	545	547	682	544	683	679	544	681	687	686	604	607	435	608	604	603	625	602	623	601	624	621	622	627	614	614	614	621	623	616	627	597	733	732	733	734	732	733	736	723	722	724	723	722	608	721	722	609	611	
552	552	561	552	562	567	569	570	555	556	564	563	562	561	564	559	560	569	568	563	559	562	563	450	449	561	562	566	571	572	569	572	572	454	456	576	451	575	450	469	470	508	504	507	504	532	529	502	503	502	512	506	515	504	505	536	510	522	524	519	519	521	502	503	503	504	678	523	536	456	457	458	453	681	690	690	547	549	546	546	546	683	682	677	680	680	688	609	608	431	432	431	432	432	603	602	603	601	624	623	602	632	631	632	613	632	613	620	615	628	598	735	736	733	735	733	739	724	723	724	722	723	609	610	723	722	612	729	
552	553	563	553	566	568	569	568	556	562	561	562	563	578	562	561	571	572	562	564	560	563	564	563	562	451	450	570	567	570	571	572	573	455	457	445	450	451	576	470	509	505	509	508	505	532	531	530	533	530	507	516	505	538	506	540	511	514	524	525	525	525	503	502	502	522	522	537	524	531	457	681	680	682	682	683	690	673	672	546	544	550	549	681	436	443	442	610	443	431	430	608	431	611	610	601	610	612	630	629	629	620	621	630	631	642	616	635	616	599	599	619	737	733	731	736	735	740	722	723	723	723	724	613	614	611	723	728	
554	560	562	554	566	565	569	570	569	563	564	570	573	574	562	563	570	564	563	565	566	564	565	568	564	570	456	457	571	570	571	572	449	445	456	447	444	453	453	575	510	506	505	508	532	448	532	531	530	532	538	541	506	540	541	538	514	512	513	526	427	428	432	521	521	521	522	527	456	456	534	535	680	681	432	433	691	689	674	675	549	548	436	437	682	683	442	607	444	431	608	432	614	611	609	614	611	628	628	627	628	629	645	631	630	632	642	631	617	617	618	617	618	733	734	737	736	737	612	614	612	625	725	615	724	727	727	728	
558	560	561	562	567	570	563	568	583	568	564	573	572	573	566	563	562	562	560	564	565	564	566	569	568	565	460	461	456	457	576	450	448	447	447	445	445	578	576	578	441	577	509	506	447	445	446	533	538	537	536	539	540	538	541	517	515	512	513	527	428	432	431	531	522	526	526	528	432	533	534	535	430	433	436	437	688	432	431	673	546	549	463	435	435	683	443	442	609	608	616	437	613	611	610	611	613	627	626	628	630	629	626	644	643	642	632	631	630	618	618	619	621	641	642	643	738	742	741	613	626	720	719	723	728	728	728	728	
561	556	560	561	562	561	562	569	562	582	583	572	572	579	580	563	564	561	561	567	565	566	565	567	570	571	430	430	462	576	451	577	449	448	450	451	447	579	577	579	440	579	447	446	536	535	532	534	535	537	538	540	541	538	540	542	516	514	514	523	433	424	423	427	428	426	430	431	432	534	534	535	432	437	437	438	436	430	431	674	674	462	550	434	441	441	440	435	434	617	615	436	612	614	615	612	615	627	626	625	616	616	578	647	644	647	645	633	632	642	620	620	640	641	740	729	644	743	632	631	631	721	722	729	727	729	732	729	
557	563	564	561	562	563	567	568	563	586	584	573	571	566	565	564	567	562	571	566	567	569	553	556	571	430	429	458	431	575	575	450	448	448	449	451	446	445	580	580	451	580	578	450	536	537	533	535	538	531	538	539	537	540	541	543	504	543	515	522	435	434	435	429	429	427	429	524	432	538	537	433	433	433	436	436	439	432	432	675	461	461	459	437	440	442	550	439	434	614	551	436	614	613	612	617	616	617	616	617	615	578	577	648	646	644	646	648	633	633	642	647	643	642	732	730	732	631	744	741	630	722	720	722	727	726	728	730	
564	562	565	567	566	547	568	545	563	562	585	572	573	572	573	568	565	566	572	573	569	568	569	434	555	430	459	426	459	460	576	440	449	450	444	450	446	443	445	444	450	581	581	453	452	451	452	532	452	532	532	538	504	504	544	505	504	505	542	509	508	532	435	429	428	428	525	427	430	684	682	434	435	434	685	438	432	432	458	459	462	462	463	436	550	549	440	435	550	550	615	615	618	440	441	613	615	614	615	625	618	579	580	645	647	645	647	646	645	624	641	643	644	640	630	731	731	732	631	629	723	646	610	721	727	644	731	727	
561	558	557	549	550	567	546	546	563	561	572	572	574	574	574	574	569	566	567	473	572	573	569	551	433	434	431	428	460	426	583	582	583	450	442	443	579	442	579	583	582	436	451	450	452	538	451	451	531	530	531	539	537	503	506	503	506	514	510	509	511	510	428	430	429	532	533	533	426	432	683	436	435	684	435	440	431	431	458	677	545	546	550	551	550	545	549	436	549	616	618	615	441	442	443	615	614	619	615	624	625	645	644	579	644	579	646	636	637	623	646	642	646	631	731	631	731	632	631	630	630	646	645	646	611	729	726	725	
562	555	550	551	555	547	568	563	561	573	573	577	576	577	577	572	569	473	472	573	572	428	552	434	432	436	433	428	427	583	584	581	584	585	443	442	443	441	580	580	438	437	437	462	453	537	452	450	505	532	532	505	517	516	504	506	505	513	544	543	509	428	427	519	431	534	535	532	534	427	433	436	438	436	441	442	443	432	458	545	544	547	463	464	549	548	547	442	619	618	616	617	443	442	616	615	619	617	618	614	626	646	646	579	578	621	580	636	622	620	647	645	643	730	646	630	732	633	611	610	645	645	645	646	646	647	728	727	
550	551	554	555	569	568	548	549	563	560	577	577	575	576	571	570	571	568	569	573	574	553	433	432	431	435	437	585	433	583	583	448	590	586	443	445	444	581	453	451	439	439	438	461	465	464	454	453	506	531	455	520	530	505	517	524	522	525	511	518	430	426	518	428	535	522	454	535	453	454	450	450	437	449	543	542	444	444	433	544	543	545	547	553	550	546	438	548	615	624	617	616	616	614	615	616	618	616	636	627	628	647	580	628	632	579	581	637	649	648	621	644	646	645	734	733	629	733	647	612	619	646	625	644	648	729	648	650	
551	550	555	568	567	569	569	564	550	564	561	576	560	579	579	578	581	570	476	570	431	430	434	432	431	432	436	438	586	434	449	447	449	589	587	445	444	441	582	450	450	455	452	462	460	464	455	507	453	532	508	519	529	517	522	519	523	519	526	431	430	429	427	429	528	528	521	452	439	439	456	449	450	452	545	544	543	547	434	434	545	546	553	439	438	437	549	552	624	623	617	618	622	623	618	619	617	618	613	612	635	616	642	637	621	625	624	625	651	650	649	619	630	629	630	631	652	616	615	648	647	618	644	624	645	654	649	650	
549	550	554	554	571	572	571	563	557	560	557	577	559	580	580	580	572	572	471	572	562	472	433	433	431	437	438	433	434	454	447	445	585	443	443	446	445	442	463	451	447	461	453	438	463	470	467	454	468	454	509	509	511	530	531	519	518	517	432	432	521	520	521	517	527	529	521	522	438	457	451	451	453	451	546	543	545	435	548	692	692	629	554	440	437	438	550	551	625	552	618	624	569	623	615	618	643	644	620	613	617	638	641	637	625	620	630	628	652	650	620	620	619	651	650	651	652	616	615	616	619	623	623	644	644	611	653	654	
555	551	552	553	572	573	562	563	558	561	577	548	547	581	581	582	571	476	571	561	560	563	434	432	433	438	434	432	440	455	455	447	448	444	442	444	444	456	462	461	459	460	459	462	465	464	468	458	461	460	461	462	510	512	513	519	517	519	432	431	430	522	521	522	530	420	521	520	521	522	450	452	450	546	544	545	452	546	436	691	546	689	548	631	632	631	552	549	552	553	623	624	571	569	570	644	644	622	620	645	643	637	641	642	624	622	627	629	653	620	619	620	621	651	650	653	635	616	616	612	617	616	619	617	645	619	621	655	
556	554	555	573	575	576	570	561	576	576	573	480	479	480	562	563	562	480	480	478	479	561	433	435	439	435	582	439	441	443	448	449	587	588	454	443	463	462	457	461	440	460	457	460	461	463	457	469	450	462	461	462	514	511	522	520	520	520	432	431	530	525	526	524	421	522	421	523	524	522	453	430	442	566	545	451	565	547	548	437	547	547	632	633	632	551	552	549	620	690	624	572	567	570	617	645	621	622	623	644	642	640	642	642	625	628	628	654	626	621	622	620	621	619	618	636	635	636	613	615	613	621	652	618	618	611	622	620	
556	556	555	575	574	576	569	577	575	575	575	574	576	477	478	561	562	565	479	478	589	563	562	565	566	436	441	440	444	444	452	451	588	452	455	455	464	463	459	460	441	461	460	462	463	457	458	459	459	462	454	513	527	514	526	523	530	518	514	513	529	529	531	529	529	523	522	525	429	430	429	453	441	569	565	565	564	566	691	690	548	691	548	692	633	632	688	621	550	624	622	623	568	569	619	628	620	621	643	639	641	642	643	641	643	623	628	627	628	622	617	623	618	622	637	636	653	620	618	614	616	651	615	619	617	619	623	623	
557	554	559	559	560	570	568	576	574	574	576	575	575	476	566	565	481	563	478	478	477	588	563	587	588	437	435	453	441	439	453	589	450	454	451	460	464	461	460	458	442	442	465	459	463	458	464	460	463	453	455	427	513	528	525	530	529	519	526	526	527	545	528	530	524	523	523	524	525	529	529	529	530	567	534	534	565	567	693	692	687	690	691	693	691	623	623	624	617	623	690	623	569	621	637	629	627	636	670	623	638	639	642	636	642	639	641	628	629	641	633	634	619	623	643	638	637	619	644	615	650	652	642	619	655	613	655	624	
555	555	556	558	574	575	576	575	575	575	604	576	602	604	567	482	477	480	477	478	553	553	586	459	459	461	434	488	452	437	590	439	440	452	453	455	456	461	461	461	458	443	466	466	458	457	462	463	472	455	454	455	456	529	529	528	529	530	516	515	518	544	546	529	524	523	532	531	527	530	531	443	444	532	531	533	534	566	692	691	693	692	692	693	631	635	622	634	624	625	691	691	635	636	637	621	630	669	667	639	640	637	643	635	641	640	629	630	640	641	640	623	624	624	624	644	645	645	617	616	651	630	641	641	642	617	616	656	
601	557	548	557	580	573	576	586	576	603	578	577	577	603	478	479	478	478	479	478	482	587	458	460	588	460	488	461	453	453	452	440	454	458	457	456	455	465	465	464	466	467	465	472	458	458	463	461	471	424	456	425	531	530	530	531	545	526	543	543	516	517	546	545	525	522	532	531	530	528	529	530	445	532	533	564	567	689	564	565	692	693	691	691	693	693	634	625	623	622	635	636	633	636	632	634	668	665	666	667	638	641	640	633	633	633	639	638	638	641	639	623	625	646	641	642	644	645	643	629	629	629	640	644	648	634	650	649	
604	605	549	602	603	573	575	575	573	575	578	604	602	605	481	479	479	481	485	482	483	483	579	589	589	590	591	460	460	455	453	455	456	456	457	448	468	464	467	467	465	465	471	467	426	468	459	470	470	469	424	532	435	531	531	546	547	546	545	542	544	518	547	546	455	530	523	531	531	531	532	528	534	528	533	534	568	565	694	693	579	692	692	692	692	635	636	637	623	624	636	692	634	634	633	632	666	667	666	665	639	639	632	633	632	634	638	637	637	720	721	628	639	637	645	645	643	644	644	628	630	628	648	643	644	649	634	650	
559	606	603	602	583	585	575	575	603	603	603	603	604	603	602	487	566	482	483	484	576	576	482	590	590	461	448	460	459	463	454	454	455	456	457	465	467	467	466	466	468	466	472	468	469	468	469	470	543	542	533	452	453	545	544	545	545	528	532	526	543	548	548	525	456	529	532	530	531	530	530	532	533	534	564	565	566	567	581	695	578	577	695	697	572	571	570	571	625	620	695	695	624	635	634	631	629	628	631	632	638	640	634	634	633	637	638	637	637	638	636	635	638	638	646	644	642	645	644	629	629	642	644	643	650	649	647	651	
607	558	607	584	603	586	584	585	605	606	602	603	602	485	486	483	486	485	483	483	575	576	483	483	576	462	463	447	461	447	446	456	457	459	458	460	471	470	467	463	460	467	471	469	428	462	452	546	544	543	526	527	544	546	535	545	546	533	531	524	544	528	528	526	527	527	528	532	528	531	529	534	696	696	531	565	566	580	581	577	576	695	578	582	696	698	570	570	570	695	694	692	636	632	636	620	619	620	630	631	632	639	666	635	636	637	634	638	637	637	636	635	640	640	649	638	643	644	630	627	641	630	643	651	647	646	654	655	
589	598	608	578	578	576	590	585	604	602	584	583	591	603	486	484	484	555	482	576	576	486	484	484	486	463	461	460	446	462	463	447	458	453	457	464	459	469	464	469	470	468	472	469	468	451	547	545	542	543	528	527	545	546	536	536	451	450	532	452	529	528	531	528	452	529	530	529	527	528	530	533	697	695	697	698	533	583	581	577	578	581	581	579	697	698	699	573	696	698	693	694	632	633	634	689	630	629	665	633	664	667	717	717	638	637	638	637	639	637	640	641	640	639	639	648	649	650	628	644	630	631	645	653	648	655	653	655	
590	560	597	578	577	591	587	605	591	605	591	590	587	588	589	485	485	555	483	484	465	580	470	485	464	446	461	460	445	463	465	459	458	457	459	463	464	463	470	470	471	471	468	471	450	451	452	464	543	544	539	540	546	544	452	537	450	450	451	535	529	471	529	530	453	470	531	529	530	532	529	531	696	696	450	580	577	578	572	581	580	581	582	604	626	624	575	570	697	697	694	631	695	696	688	579	578	664	665	640	638	641	642	716	636	639	638	639	636	640	642	639	640	639	640	392	393	650	651	643	630	629	641	651	654	649	654	655	
591	561	579	591	592	586	594	587	587	592	589	592	589	588	484	590	479	484	556	467	466	472	579	486	579	445	581	582	447	464	464	464	458	464	460	460	464	464	471	472	472	472	472	464	459	456	456	473	456	545	541	469	471	453	538	452	451	452	452	528	536	531	454	453	531	530	531	532	531	427	530	466	450	697	697	582	581	578	574	573	580	583	580	441	603	574	574	571	698	696	696	694	695	577	576	576	580	577	665	639	672	640	640	635	716	635	639	638	642	641	641	642	640	641	641	393	646	394	395	640	639	640	641	650	650	650	656	657	
592	580	597	587	597	593	588	586	478	590	475	477	468	485	471	480	472	480	468	604	468	473	580	581	580	580	450	583	448	449	465	459	459	458	459	450	448	447	469	470	473	473	459	458	459	467	467	455	472	541	546	471	470	472	452	451	451	452	527	529	467	472	471	547	531	531	533	532	456	455	426	463	449	451	699	698	699	584	708	582	584	579	576	575	604	443	573	575	451	697	697	695	696	698	574	575	576	448	643	642	635	674	641	640	639	637	636	643	642	637	641	642	641	641	394	394	632	395	393	630	639	628	651	651	651	656	657	658	
591	598	587	596	592	598	594	477	587	587	474	478	479	486	481	471	472	473	603	605	474	567	579	580	581	451	584	449	450	451	451	466	460	460	464	449	449	463	448	471	469	469	474	467	466	468	468	469	471	470	472	471	471	472	473	451	450	544	528	544	460	547	468	548	457	456	475	474	532	533	451	450	462	696	450	451	450	451	575	585	576	575	574	575	444	576	574	575	700	450	696	696	697	698	699	576	447	449	449	634	675	636	675	674	675	640	386	387	644	638	640	643	643	644	390	391	635	638	635	630	629	652	652	654	655	655	658	659	
599	479	478	479	596	596	592	592	479	478	588	475	487	612	482	473	481	604	604	603	606	605	566	567	455	454	582	452	451	449	452	467	450	463	466	450	464	469	464	472	463	468	460	452	452	468	468	470	472	471	473	472	472	472	450	450	452	529	543	545	548	471	460	467	549	456	456	476	453	464	451	463	459	466	448	578	450	452	576	450	576	706	705	577	576	445	575	577	704	575	451	696	452	454	454	578	699	450	699	639	639	635	676	640	641	676	718	717	639	639	639	641	644	647	642	392	636	639	636	636	633	636	401	646	656	656	656	652	
594	479	596	595	596	594	595	591	596	589	590	611	474	475	611	475	480	571	557	558	605	606	607	454	568	454	453	452	468	453	466	466	466	464	465	466	458	470	461	462	464	462	471	453	451	461	473	473	474	474	472	473	473	472	451	460	466	466	530	543	472	471	551	550	468	455	470	467	454	463	464	460	458	449	450	579	579	449	450	451	451	706	578	576	575	574	632	629	703	576	705	705	455	453	579	640	447	698	641	638	638	639	642	677	639	640	719	643	643	641	640	642	647	648	648	643	643	637	639	629	635	647	400	645	646	647	648	653	
588	593	594	589	590	589	596	595	595	593	594	610	476	610	474	481	604	605	570	478	606	606	456	457	455	450	451	453	454	469	465	465	465	438	465	467	457	459	472	467	461	469	454	454	453	474	462	463	462	475	471	452	451	458	461	467	461	465	544	454	474	469	476	469	470	456	437	441	468	474	465	442	459	451	579	580	578	581	439	441	445	452	577	577	578	589	631	579	630	702	704	705	456	457	702	641	641	641	640	641	640	640	642	641	642	720	631	630	642	644	642	641	646	647	392	643	642	647	638	639	400	399	646	647	640	646	652	653	
587	587	590	589	590	591	596	594	597	595	611	611	611	610	483	605	605	569	479	477	607	457	479	480	452	451	452	452	452	468	466	464	466	439	440	436	437	471	466	471	470	471	468	471	469	463	468	463	470	470	474	475	463	460	460	461	453	466	453	455	476	475	473	470	457	546	442	546	440	440	441	442	460	578	577	577	581	580	442	443	442	587	611	578	588	589	703	706	443	703	703	702	703	701	444	445	642	641	696	636	640	639	677	643	675	676	629	645	622	643	644	642	648	390	391	393	644	644	646	397	401	399	647	639	652	641	653	654	
597	586	599	586	589	597	591	597	596	598	596	612	478	477	474	571	570	571	478	478	479	480	458	480	481	450	451	453	452	431	465	440	453	441	441	468	438	480	475	474	464	471	470	469	464	467	469	471	466	472	468	453	462	461	460	452	453	466	476	454	455	474	476	534	458	476	545	443	441	442	442	442	463	465	578	578	466	443	447	445	444	610	611	586	587	445	445	442	444	443	442	702	439	702	443	452	643	643	639	640	699	700	677	676	676	676	630	732	644	621	643	387	391	390	406	655	645	644	395	644	398	400	636	648	640	653	650	655	
596	595	585	595	594	590	598	598	599	612	611	613	610	475	612	473	572	571	569	481	483	479	482	479	452	450	454	451	474	456	473	452	441	454	472	467	469	460	471	474	473	467	470	460	436	468	465	465	466	473	467	454	479	479	459	453	547	477	465	477	458	474	533	459	481	475	477	442	544	443	439	441	464	579	444	444	465	446	446	442	445	446	611	612	587	588	444	704	702	708	706	443	438	439	703	693	697	697	697	698	641	641	677	703	702	631	732	731	620	622	389	623	386	407	389	654	393	646	643	645	397	638	639	641	654	653	652	653	
597	597	596	590	596	595	595	597	598	608	595	607	612	611	613	572	570	569	482	482	480	480	481	482	451	451	456	472	473	472	454	472	473	471	439	468	465	464	465	466	473	470	470	437	438	435	466	467	466	474	478	477	461	478	477	546	456	548	466	538	458	541	540	532	475	476	540	545	443	442	440	698	580	465	443	444	447	468	445	446	612	447	588	612	611	610	444	445	442	707	707	442	442	441	709	694	698	696	698	637	697	698	699	698	643	625	626	619	736	735	390	388	388	656	655	656	657	394	395	395	398	398	637	642	637	387	652	653	
595	591	655	597	589	597	596	598	609	594	577	577	605	612	610	573	570	475	570	481	482	481	475	452	452	452	456	457	471	474	453	472	473	474	469	470	467	466	471	472	468	469	471	474	462	436	431	467	467	435	436	478	480	478	457	466	457	460	462	537	542	542	541	533	476	476	477	546	542	543	546	463	697	460	459	458	459	467	444	445	447	611	587	609	591	592	440	443	446	708	443	706	441	707	442	579	695	579	580	581	638	699	701	644	642	643	626	620	734	735	389	387	405	407	406	404	395	658	394	396	394	639	638	639	679	652	653	679	
594	593	590	596	596	588	591	657	658	600	578	594	481	480	481	610	611	571	484	471	472	469	473	455	456	453	455	455	458	472	476	474	473	474	475	474	466	461	469	468	469	471	470	470	438	473	437	437	552	468	481	481	480	458	458	482	465	461	463	541	491	543	467	542	477	477	478	542	544	545	544	545	466	460	467	466	465	445	447	433	442	610	586	588	589	441	442	442	441	710	709	705	706	707	579	579	580	581	695	697	640	641	702	642	644	644	641	621	643	642	389	388	627	626	405	626	407	425	427	394	640	428	679	678	677	679	679	387	
595	595	596	597	654	597	658	658	657	656	657	593	482	479	624	625	570	477	477	471	470	474	475	474	594	594	593	456	479	479	475	499	475	474	476	476	470	470	467	470	474	471	476	439	471	472	436	439	438	553	552	480	480	482	481	483	493	466	462	539	470	466	465	464	465	544	478	545	546	545	476	546	465	467	465	467	465	691	446	432	432	433	434	587	702	443	442	443	441	442	709	710	577	576	578	578	580	583	698	696	643	703	641	643	644	645	640	625	623	620	623	391	390	626	625	406	428	429	407	395	629	427	428	427	678	678	386	680	
657	595	592	653	658	655	656	659	660	659	657	594	483	467	623	622	571	464	463	465	472	474	474	455	591	593	457	478	478	476	480	476	475	475	468	476	470	471	471	473	462	475	472	440	440	466	465	467	439	550	551	481	481	479	482	483	491	492	494	469	493	471	495	462	461	460	479	467	544	477	547	695	695	466	467	466	467	690	692	433	434	442	444	445	705	705	706	442	442	710	711	708	578	707	577	579	580	581	697	642	642	640	641	643	641	641	640	639	624	622	390	622	627	624	626	428	429	429	396	628	397	398	428	429	677	387	386	680	
656	655	654	657	657	654	600	589	588	656	660	661	487	484	466	468	477	572	465	473	472	473	474	479	592	590	591	479	479	479	477	498	497	469	469	470	471	469	473	472	473	473	461	462	439	467	466	464	441	551	552	451	482	480	481	482	483	493	492	493	468	494	496	463	459	467	480	467	447	548	696	695	694	467	693	689	690	691	444	446	432	435	443	705	704	707	706	704	706	710	709	707	709	708	580	578	579	582	698	643	641	639	640	388	387	385	642	641	623	391	623	628	629	632	631	424	424	425	398	397	396	398	430	678	423	678	428	385	
596	595	596	657	656	658	588	587	592	591	599	661	662	663	469	620	467	573	463	475	474	476	477	477	590	589	480	477	482	480	481	478	479	494	466	469	470	464	468	472	462	474	463	462	461	440	463	557	556	555	552	556	454	452	463	483	467	494	460	469	495	458	457	460	459	446	445	446	448	448	478	696	694	695	692	691	437	438	692	445	446	707	449	435	705	708	708	705	705	710	708	710	704	582	584	582	583	464	645	646	642	698	696	646	645	386	635	619	635	636	622	630	630	633	626	425	426	425	426	398	426	427	429	430	386	426	427	429	
597	597	658	659	658	657	659	589	588	593	649	469	620	619	619	466	468	468	476	474	471	475	476	477	476	590	590	595	481	479	480	500	500	495	466	465	465	468	465	493	469	475	462	464	464	465	467	553	556	555	555	556	454	453	455	484	495	466	468	453	452	494	459	460	696	446	445	444	449	695	697	697	699	700	693	695	438	437	436	437	450	452	452	450	437	438	707	706	709	708	711	703	700	583	433	583	465	466	524	642	701	646	697	645	647	632	387	634	635	621	646	645	625	629	630	425	432	397	398	399	393	435	434	433	387	431	427	428	
655	653	654	480	656	657	484	481	486	485	487	469	468	469	620	471	624	462	461	462	484	470	485	480	482	591	591	593	594	595	480	494	501	482	468	465	466	469	492	493	471	470	464	463	465	466	554	554	554	556	554	555	556	452	467	466	465	496	497	453	469	459	460	461	697	465	446	696	696	694	698	697	440	693	694	694	691	437	447	449	451	453	451	452	431	448	705	705	709	697	709	704	704	432	434	704	466	706	707	644	643	700	645	646	648	631	633	635	627	622	646	628	626	628	429	425	431	431	425	399	393	434	435	436	434	430	428	428	
658	655	652	480	658	481	483	486	485	484	487	601	469	603	621	472	468	462	461	460	463	470	484	485	481	587	486	589	585	584	483	481	482	481	497	465	471	463	464	493	492	470	464	492	466	466	464	465	558	555	556	557	451	451	451	466	463	465	496	454	470	458	460	698	455	464	469	697	695	700	698	699	698	439	695	692	693	438	448	452	452	454	431	430	446	447	447	448	698	698	431	435	435	433	465	703	523	705	523	522	640	644	701	524	635	634	634	626	623	623	630	627	629	430	426	389	430	432	393	424	425	426	427	433	434	428	431	432	
657	483	480	479	480	481	480	485	486	485	601	600	600	487	600	622	623	460	459	470	469	482	487	482	486	586	586	586	483	482	483	482	477	482	500	504	505	464	492	493	492	467	494	491	465	460	494	557	556	495	556	498	451	450	465	465	466	464	465	471	459	459	454	466	465	454	470	471	696	696	699	445	438	696	696	696	693	441	442	474	453	430	433	445	449	448	712	711	449	698	432	436	434	434	525	524	522	705	521	521	521	523	700	467	523	636	523	526	625	626	629	630	427	630	388	430	390	394	429	426	425	428	423	424	429	429	431	430	
656	646	483	485	480	664	667	666	480	481	602	601	597	485	484	627	626	470	467	470	483	470	486	487	586	587	591	467	588	584	483	500	483	476	501	478	504	478	493	491	492	476	475	493	490	493	559	558	559	498	497	454	451	452	564	464	463	467	472	459	460	476	453	453	454	469	472	471	702	700	444	440	440	471	441	388	440	476	477	430	429	430	432	394	444	696	712	450	697	430	431	432	431	435	456	524	525	524	519	520	521	522	520	701	468	522	525	524	525	636	387	388	631	428	619	623	431	430	625	626	427	431	430	436	420	429	430	433	
646	645	652	484	481	665	666	481	481	481	486	485	600	481	484	483	487	627	582	466	467	466	467	587	487	588	466	473	590	591	591	590	591	477	477	478	477	490	492	576	577	578	475	489	490	494	560	499	560	558	498	499	453	563	465	497	496	500	466	461	460	460	459	464	453	453	454	473	442	701	447	445	439	440	387	389	477	478	477	429	428	396	395	394	433	445	446	696	694	431	694	695	436	432	526	525	526	525	525	519	523	523	521	523	524	469	633	528	635	386	385	386	429	431	623	622	431	432	624	623	430	625	430	431	430	430	430	431	
668	667	668	669	482	664	665	646	486	485	487	484	485	484	488	488	584	581	585	582	585	590	589	486	588	464	463	472	589	590	590	590	573	588	477	478	475	391	577	392	579	493	495	498	497	498	499	497	496	478	557	455	456	564	454	467	449	499	498	496	499	498	461	462	454	455	447	445	441	446	446	462	439	440	441	442	441	432	431	430	432	431	394	397	398	434	449	695	696	432	432	696	691	462	463	462	453	526	524	522	520	512	519	519	519	634	521	634	527	387	386	531	532	430	420	621	429	388	627	624	624	429	626	435	431	421	422	423	
665	669	652	670	651	654	666	668	483	487	483	486	485	665	489	487	489	583	584	584	587	586	588	463	461	462	465	486	473	591	591	572	569	481	479	480	476	390	389	393	391	580	494	498	497	498	496	498	498	558	558	558	454	453	455	452	449	499	497	498	500	498	461	462	456	448	446	447	444	445	461	481	443	441	444	445	387	388	428	431	432	430	398	396	434	433	434	448	449	695	695	692	459	461	459	464	452	459	457	525	523	519	518	630	628	520	635	519	629	527	526	532	532	630	631	632	621	389	389	426	387	627	434	436	422	435	434	423	
667	665	651	650	664	653	667	667	646	484	487	665	664	665	486	490	582	584	585	490	469	587	589	462	464	465	463	474	579	592	573	570	568	569	480	476	477	391	391	390	388	392	492	499	500	496	497	497	500	500	559	576	560	561	562	452	450	498	498	498	462	463	499	471	472	471	447	446	445	474	473	462	480	481	444	444	439	429	432	435	431	435	434	397	434	435	398	435	398	694	690	693	458	456	463	464	455	458	526	458	518	521	472	521	629	627	520	520	520	630	527	527	629	533	631	620	431	389	425	389	628	434	435	435	433	435	432	433	
666	652	653	665	668	651	652	668	648	647	490	668	660	666	485	486	585	583	489	491	470	468	588	463	471	464	468	578	475	476	574	571	571	570	568	481	477	597	598	392	387	494	491	501	501	502	490	500	499	499	575	574	575	453	563	455	451	452	462	461	460	460	462	469	470	462	472	467	468	483	472	480	479	479	443	443	442	441	430	431	436	431	398	397	436	437	692	401	690	402	691	692	457	460	462	458	456	709	708	709	517	627	520	521	626	519	630	629	630	629	630	629	628	630	623	624	622	426	528	434	433	434	426	436	436	436	434	433	
660	661	661	662	669	667	652	653	673	489	665	665	667	663	486	484	584	584	490	490	586	466	464	467	462	464	470	469	476	571	572	573	572	501	597	478	482	597	598	574	493	392	576	492	482	486	480	576	500	575	576	450	576	451	454	452	453	451	582	461	584	461	461	462	482	584	474	465	466	469	484	481	479	478	444	443	444	395	394	436	423	399	400	398	398	399	400	402	691	454	456	458	459	459	463	463	456	456	710	712	713	626	474	525	627	518	523	522	632	631	631	632	628	621	622	624	541	623	539	434	434	424	425	437	435	436	435	434	
661	666	660	666	670	670	668	666	672	664	666	664	666	667	670	585	585	585	586	589	588	467	466	463	463	463	473	472	574	573	574	573	500	596	601	483	597	604	603	386	391	575	495	493	487	481	572	467	437	501	443	449	452	453	455	453	453	452	453	581	583	583	583	487	583	583	482	467	467	470	483	480	479	394	395	402	396	395	398	397	398	422	398	399	387	399	435	452	453	457	456	457	460	458	464	465	456	457	713	472	522	523	627	523	524	632	633	631	521	522	632	524	631	622	623	624	624	432	540	434	433	536	426	427	436	426	426	434	
660	661	665	671	665	663	668	665	667	673	668	669	667	668	670	669	669	587	587	587	587	470	471	465	464	465	466	473	473	573	574	575	574	575	602	605	597	605	597	606	390	574	496	483	482	455	571	572	572	444	443	442	451	453	454	453	584	585	473	582	470	582	580	486	582	483	482	581	471	483	484	464	481	395	395	396	401	398	398	397	396	424	423	400	434	434	425	437	454	455	458	457	521	522	460	461	456	710	712	473	522	523	522	473	474	631	632	631	522	522	523	520	635	632	631	625	529	625	431	541	432	431	428	425	426	437	425	426	
661	666	667	666	662	669	666	675	671	669	666	668	669	671	670	670	671	668	588	588	588	469	471	471	472	467	473	423	422	422	500	390	423	391	604	603	604	488	605	575	574	573	574	577	573	572	499	571	580	581	444	442	441	445	455	454	584	583	472	471	469	582	581	582	583	484	580	472	484	472	460	462	463	394	395	407	406	406	405	406	406	399	399	424	433	432	437	436	517	459	458	459	464	525	521	520	457	455	462	522	474	523	524	718	717	718	632	631	523	520	519	521	624	634	531	632	533	535	626	430	430	427	430	426	531	425	426	424	
664	665	662	663	667	673	674	667	670	671	396	400	399	672	401	401	669	670	588	589	586	470	467	468	471	472	576	419	420	421	420	501	389	597	390	604	603	576	576	576	576	574	576	577	572	571	573	498	499	582	584	583	445	444	456	456	584	585	474	473	470	470	583	486	485	579	578	581	579	466	465	406	405	464	395	406	407	398	402	405	395	400	401	425	701	434	519	518	435	516	460	460	526	528	521	521	459	461	459	463	718	717	718	718	718	718	718	522	633	630	520	522	522	636	533	532	533	534	523	431	527	429	428	530	530	425	426	427	
664	663	399	397	667	669	672	671	670	395	401	400	401	669	673	403	671	589	591	417	416	416	468	468	471	470	420	421	418	422	423	386	387	388	389	605	491	492	575	575	575	577	576	571	572	583	574	574	581	581	580	582	445	444	457	457	458	475	586	475	581	582	487	487	582	582	583	399	469	467	475	476	465	403	404	405	407	396	401	400	401	394	393	394	700	705	519	436	434	514	515	519	464	527	527	458	458	462	464	476	527	717	525	717	717	717	522	523	632	633	632	524	523	524	534	533	534	535	527	533	534	429	529	429	529	531	426	427	
666	399	400	664	670	670	673	399	398	396	395	667	401	668	402	402	672	671	590	419	418	470	413	472	415	468	420	588	422	422	385	384	387	389	388	385	491	490	574	575	578	576	575	575	569	573	582	582	582	582	582	581	445	458	458	582	589	582	476	670	672	583	488	575	583	585	398	583	398	471	400	464	404	405	404	408	408	397	402	400	395	396	395	699	698	701	702	520	515	518	515	519	520	528	529	461	459	534	475	528	706	707	712	718	424	423	524	633	524	632	525	526	526	525	534	533	536	536	534	528	527	528	530	529	530	432	427	527	
669	669	396	671	671	399	398	398	397	671	396	402	668	404	669	403	402	420	418	419	472	471	471	471	416	417	587	421	421	422	386	389	388	600	386	493	574	573	491	576	576	577	574	570	574	570	568	581	583	475	459	458	457	457	586	586	588	589	669	477	584	584	585	576	673	584	414	397	398	399	473	468	470	405	398	409	409	470	401	397	471	395	397	702	700	701	406	404	520	520	518	516	521	522	463	462	462	533	529	530	532	707	711	424	527	528	524	523	522	526	633	525	527	525	526	524	534	522	524	532	528	529	529	531	530	428	526	429	
670	670	397	670	671	392	395	394	671	671	403	405	403	680	403	402	421	419	420	473	664	414	472	593	592	588	587	590	589	423	387	388	401	402	387	387	574	440	436	436	575	575	576	570	569	570	582	582	582	562	477	479	499	499	458	585	593	670	669	581	581	581	577	672	585	415	416	417	399	474	583	468	406	399	400	475	406	400	401	470	396	698	397	701	702	405	405	519	519	519	527	528	524	523	524	478	529	463	531	526	532	710	710	528	400	529	527	525	524	527	528	526	525	523	524	526	535	525	523	533	526	527	532	532	538	425	526	525	
671	394	393	671	410	411	393	395	409	670	404	674	400	679	679	419	420	680	416	663	666	471	472	592	591	419	402	589	592	590	592	402	389	388	388	388	575	439	440	570	571	575	566	569	572	562	568	569	569	563	478	466	480	498	586	459	592	595	668	669	671	672	672	671	416	417	417	400	477	475	478	477	416	471	470	469	474	407	400	473	472	471	699	701	474	475	404	404	527	526	520	472	524	470	477	477	528	464	477	529	530	711	709	529	400	399	526	527	526	523	459	526	526	526	525	527	533	532	526	530	529	527	532	537	533	529	529	529	
393	392	400	399	672	394	395	396	397	408	398	399	679	678	680	418	416	679	664	665	660	659	427	661	591	590	593	401	593	593	595	593	401	407	389	407	440	571	577	571	572	569	568	571	572	568	569	568	563	476	467	465	499	500	589	588	589	591	668	670	672	676	416	673	418	414	423	422	478	479	476	416	471	472	468	475	476	477	475	474	473	472	472	473	709	699	405	528	469	468	467	521	471	478	476	478	478	530	532	477	712	713	528	529	530	398	524	523	525	524	460	525	525	529	530	528	528	529	533	534	528	528	531	534	533	533	534	535	
393	394	401	404	405	414	395	395	407	407	407	672	677	679	681	420	678	419	665	429	663	426	660	662	594	592	593	594	595	593	594	429	409	408	408	388	443	570	570	571	570	571	577	472	570	472	565	571	569	570	572	498	496	496	589	588	501	503	671	670	675	676	414	417	415	416	420	479	419	413	480	472	415	415	473	469	475	475	476	474	473	471	474	473	700	698	408	529	408	408	526	468	479	479	477	464	531	476	475	531	530	714	529	400	401	400	525	526	525	521	525	529	528	529	531	529	529	522	530	528	527	531	532	531	534	533	533	534	
394	395	396	406	406	406	416	408	409	406	407	673	409	677	680	682	431	430	423	664	430	662	425	593	430	420	593	428	595	594	595	428	408	407	405	442	444	443	571	571	572	578	444	578	471	470	568	569	570	573	572	479	481	482	589	500	504	504	504	671	586	676	418	587	407	416	415	417	417	418	412	416	414	416	470	473	474	471	472	474	695	695	692	476	694	476	407	407	407	527	481	480	480	478	478	465	465	477	531	476	531	529	525	463	462	402	526	459	522	521	520	458	529	530	530	531	536	533	521	531	528	530	531	535	532	535	604	533	
393	393	406	404	417	401	409	409	407	406	408	408	678	681	682	683	683	422	428	424	663	431	663	429	427	429	427	429	595	440	439	405	407	405	441	443	443	572	574	572	571	570	443	475	571	569	472	570	479	478	480	480	479	480	498	499	500	503	505	505	401	401	588	403	399	399	418	416	418	419	419	417	414	415	696	468	472	472	470	470	694	473	709	693	694	712	477	521	524	523	530	519	478	477	479	477	478	530	529	530	531	530	531	462	470	471	471	471	525	519	519	518	517	531	532	535	533	532	520	534	535	529	535	533	606	604	534	534	
392	392	405	418	408	409	411	412	413	667	405	679	409	654	683	683	423	424	681	424	650	427	430	426	420	430	428	428	436	438	439	408	404	409	410	570	410	408	409	572	573	574	476	446	576	572	473	473	479	480	477	480	478	499	481	500	479	595	481	481	400	595	402	401	404	398	417	690	412	413	417	418	415	695	407	407	473	473	472	471	427	676	711	710	711	522	516	525	482	520	518	521	480	481	476	478	530	530	476	532	534	533	463	463	463	475	470	524	522	520	519	518	519	676	522	536	537	521	533	519	535	534	606	605	607	605	539	534	
390	394	419	409	415	410	411	410	414	669	668	684	683	654	653	677	682	679	425	680	426	426	426	423	421	426	422	440	441	439	440	400	405	410	402	409	407	409	573	574	573	572	445	475	575	575	555	478	477	476	477	480	552	485	500	478	478	480	596	401	594	403	403	403	404	400	419	418	689	418	697	698	419	406	414	410	472	423	426	427	472	675	711	711	696	517	521	483	481	519	519	481	479	477	481	531	529	532	531	533	532	533	464	464	472	463	474	523	525	697	519	697	519	677	675	523	536	537	534	520	520	533	537	472	534	603	538	535	
403	393	408	415	408	414	413	409	415	416	664	663	655	684	655	656	678	683	677	678	679	425	572	657	654	656	423	441	439	438	436	406	407	406	410	401	406	440	570	577	573	574	473	576	553	552	576	554	477	478	579	551	485	484	486	479	598	481	598	597	594	402	400	403	420	399	398	417	690	693	699	699	411	413	409	411	426	425	424	428	676	676	675	697	693	697	698	522	518	479	525	480	481	482	482	532	533	482	532	533	471	471	534	465	471	464	465	534	524	525	533	534	500	676	677	677	501	502	502	535	538	536	537	538	539	535	477	537	
397	394	394	409	414	413	412	416	417	674	673	674	656	656	659	657	657	658	678	678	435	571	659	656	575	655	447	441	442	443	405	407	408	406	405	404	403	407	441	576	575	472	570	568	567	568	569	577	478	479	550	578	485	486	485	594	480	597	483	598	403	401	402	403	405	419	420	421	416	693	701	702	595	595	410	413	427	425	675	425	713	675	676	676	694	694	709	709	710	526	480	688	686	515	483	537	481	482	530	474	532	470	471	475	472	473	466	533	473	531	477	476	477	678	678	676	500	502	503	503	537	537	539	539	538	479	477	538	
396	396	395	395	411	413	413	416	417	417	652	674	676	657	670	656	658	657	680	681	436	570	660	660	575	574	437	446	446	445	407	405	438	439	405	406	404	580	408	475	575	566	566	569	567	566	567	570	571	563	579	710	582	583	483	593	595	482	492	494	599	403	402	599	420	421	416	415	693	700	692	693	595	594	596	596	425	424	675	674	586	714	676	677	695	708	708	707	710	709	434	687	687	533	516	482	536	482	531	529	473	533	471	531	474	473	530	473	472	478	477	476	475	502	695	695	503	494	503	603	607	601	537	537	473	472	472	474	
399	397	396	401	399	410	377	378	400	401	381	667	658	671	658	671	670	671	416	437	437	572	661	661	661	657	438	447	446	446	408	407	407	406	407	580	578	579	407	408	475	566	570	568	568	568	556	568	557	572	562	580	580	581	484	482	483	702	704	494	404	403	403	598	600	418	419	694	416	420	699	709	598	599	595	598	597	676	426	416	585	715	530	529	707	696	709	692	708	433	687	688	686	471	536	483	695	532	474	473	528	530	529	530	475	531	524	528	473	475	477	533	479	695	694	501	500	500	501	604	602	606	602	477	474	472	471	475	
399	398	403	402	411	417	377	377	667	671	380	672	659	674	673	414	415	672	416	417	438	577	577	575	574	658	442	447	443	399	400	407	408	409	408	408	409	580	580	414	407	567	571	569	569	570	567	555	561	562	710	709	710	484	599	698	704	703	702	683	404	598	599	404	422	420	417	420	419	698	699	599	600	600	599	599	598	599	427	417	695	692	693	691	690	689	692	693	436	483	483	686	689	470	484	693	694	415	475	525	474	530	529	531	530	471	525	479	528	477	524	478	478	697	695	695	501	499	500	502	603	601	476	603	479	473	472	472	
399	377	401	403	417	378	379	668	395	379	670	669	673	660	415	672	673	413	576	418	418	578	576	657	575	574	441	576	398	397	398	400	397	398	399	400	405	581	413	408	410	568	569	569	570	568	568	568	561	711	715	709	711	485	699	600	702	703	684	682	699	600	601	418	421	421	423	420	417	418	710	700	710	711	601	599	598	599	428	694	693	688	688	691	692	536	694	712	435	484	690	688	694	471	485	485	694	416	476	475	532	531	532	531	529	530	532	529	478	525	674	479	478	696	696	699	696	697	501	504	504	505	475	478	479	477	478	473	
377	376	377	416	404	419	379	377	669	670	670	671	670	674	673	579	577	577	575	577	577	411	572	577	445	444	445	400	400	398	399	400	406	398	405	408	407	412	582	415	411	412	413	410	568	569	569	570	562	713	714	715	716	700	599	698	699	702	597	596	597	598	699	697	422	423	422	423	418	711	419	712	712	711	712	599	600	584	583	584	694	687	688	692	692	693	713	436	416	436	690	693	694	695	693	467	693	692	686	477	476	533	533	532	533	533	531	530	673	674	699	477	697	479	480	698	699	674	504	503	500	480	476	478	477	478	478	479	
397	397	380	381	382	377	376	378	399	398	670	395	399	672	674	673	578	576	575	578	411	410	573	574	446	403	402	401	399	404	400	401	405	407	419	415	413	411	411	412	412	412	414	415	414	554	556	706	715	714	716	603	602	600	699	600	699	703	600	603	602	700	696	601	418	607	419	689	420	419	417	420	710	712	686	687	685	585	584	695	562	699	700	532	533	532	533	714	712	713	689	690	695	695	466	690	693	686	685	686	525	534	528	532	531	528	532	530	679	675	699	698	697	698	480	481	610	609	607	503	605	501	479	480	485	479	609	610	
396	397	379	383	416	414	379	388	398	671	396	398	400	398	674	675	672	677	678	412	412	413	409	574	409	410	404	400	400	412	407	406	402	403	416	414	410	418	412	413	554	411	572	413	570	555	557	706	715	707	708	601	602	603	601	602	603	598	599	598	493	603	602	697	607	606	422	421	420	696	421	416	710	602	687	686	687	562	585	586	698	699	531	532	532	537	531	713	711	713	693	472	694	696	431	689	425	686	425	423	534	699	534	530	529	530	529	530	531	676	680	672	699	483	482	481	480	481	506	505	506	645	646	484	486	610	483	482	
414	417	380	415	416	397	398	389	391	394	395	396	397	670	669	670	676	677	405	407	408	411	412	409	411	412	411	412	413	413	406	414	408	407	415	411	412	413	550	414	553	552	571	569	703	704	707	704	707	706	709	696	697	602	603	599	599	604	599	600	493	492	689	687	607	607	695	694	695	423	417	418	603	422	421	422	563	688	561	699	587	699	695	533	531	530	428	532	716	690	692	693	697	428	431	428	426	424	420	422	423	533	698	699	529	531	530	529	530	531	670	671	700	682	682	683	482	672	481	506	480	507	712	680	483	482	483	481	
413	413	416	389	398	415	398	390	393	392	396	397	398	670	382	677	376	677	375	406	406	410	412	410	406	416	412	413	412	414	415	414	415	402	417	416	416	413	414	554	491	554	572	492	570	704	703	703	707	495	493	603	695	604	603	600	598	601	602	604	601	494	688	688	607	502	608	607	501	500	500	712	689	689	689	495	688	562	688	561	563	711	531	696	712	713	714	427	715	693	696	694	692	430	429	427	425	425	425	421	534	699	698	530	537	529	530	531	530	677	678	671	682	681	708	708	708	709	673	707	712	713	710	711	710	484	484	484	
417	417	419	415	414	392	394	392	402	403	404	397	399	375	381	380	380	377	373	407	377	411	413	407	417	405	415	416	411	413	415	402	401	413	412	413	418	417	555	492	491	490	573	571	706	709	710	707	706	496	604	703	710	604	599	604	600	599	599	503	605	606	689	504	503	501	608	502	608	500	421	420	423	688	690	687	494	495	562	561	562	700	697	530	711	712	426	532	716	694	711	695	695	430	713	428	426	426	426	424	533	534	537	536	536	537	528	531	676	678	712	683	723	682	696	711	672	710	708	706	706	711	711	713	714	711	562	563	
416	418	418	419	415	391	391	392	397	397	404	398	607	377	376	374	379	374	408	378	410	412	406	417	417	415	414	415	399	412	414	407	414	412	415	416	416	556	420	421	491	553	563	566	710	708	703	708	701	704	698	702	709	697	600	396	397	597	600	598	502	501	503	501	500	486	485	606	501	502	421	422	703	704	709	493	560	495	560	563	700	699	713	717	529	427	428	428	554	717	438	556	555	555	429	433	708	710	426	715	716	715	716	535	536	703	704	705	715	679	678	713	722	695	720	721	710	711	710	714	707	712	712	486	485	486	487	563	
416	415	392	420	420	392	393	392	393	396	401	404	394	608	375	380	380	374	376	381	379	409	413	407	416	416	412	413	414	415	415	398	413	551	416	417	418	419	422	422	556	492	564	564	565	702	702	700	702	699	699	704	705	706	600	397	604	605	605	503	504	500	497	502	487	503	607	607	501	499	498	499	708	704	705	708	561	564	496	695	694	721	698	528	714	429	428	427	429	553	553	437	556	711	712	720	709	710	711	716	714	717	534	704	704	705	705	676	678	714	713	697	696	721	718	722	711	709	710	710	713	488	486	713	488	487	488	568	
416	421	393	417	421	394	391	394	397	397	403	403	399	375	374	381	382	378	377	411	380	381	418	417	418	419	421	422	415	402	409	408	551	555	410	409	416	409	419	420	421	564	563	703	566	701	701	701	703	701	493	494	495	601	599	598	600	603	604	504	496	499	498	502	502	485	486	488	500	496	495	708	707	708	707	708	709	562	709	497	720	695	721	716	713	430	431	555	554	554	554	714	438	439	440	711	710	540	715	715	714	535	718	538	540	698	540	541	700	534	714	714	722	722	719	717	699	481	479	481	715	487	485	716	481	569	482	569	
420	417	394	418	395	396	395	395	398	402	402	403	376	375	375	379	380	378	409	381	382	410	411	410	411	415	413	400	401	400	401	552	409	547	554	555	408	416	421	420	411	566	565	702	704	700	704	495	700	495	495	492	493	492	602	494	599	601	505	602	500	504	494	438	438	439	487	693	489	610	497	708	709	710	709	708	706	563	708	722	720	717	720	722	714	562	430	713	555	555	713	715	715	715	545	719	720	549	716	711	712	541	539	537	541	539	541	712	713	699	712	715	710	719	720	698	718	483	480	480	482	681	491	482	570	480	570	483	
421	422	395	420	395	394	393	394	403	401	403	402	400	401	384	386	384	410	411	408	382	674	411	410	413	412	414	407	407	402	547	553	547	546	553	554	418	417	417	418	412	414	414	703	576	701	703	494	494	704	493	420	397	399	493	603	600	493	604	604	494	501	503	493	437	504	689	491	692	493	493	706	707	497	710	709	563	562	709	707	721	566	564	715	721	566	561	562	561	558	714	714	714	716	716	543	543	714	712	712	714	541	540	539	543	542	711	534	533	699	700	701	720	711	718	721	642	482	484	481	682	492	681	492	481	571	481	480	
418	417	415	611	394	394	396	403	404	399	400	403	402	403	387	386	387	385	403	671	401	412	675	411	413	411	409	414	406	411	548	401	402	554	557	417	555	416	412	413	412	413	413	495	707	575	576	494	493	705	419	493	398	399	426	425	492	606	603	605	495	497	494	504	695	595	697	453	490	691	492	707	705	708	706	708	704	564	565	565	566	565	566	568	716	720	567	562	561	562	715	541	717	544	717	549	542	713	715	713	714	718	717	532	543	713	712	712	713	534	700	704	702	703	719	717	718	642	643	485	483	484	682	683	684	685	495	489	
416	388	609	395	396	395	397	395	404	405	398	401	404	403	385	387	386	402	673	400	413	674	413	676	374	410	412	407	404	402	400	401	414	556	555	553	418	411	411	418	414	414	413	707	708	708	704	495	706	497	419	418	416	395	427	426	427	428	605	493	498	497	434	505	694	696	693	492	491	692	602	603	708	707	705	710	709	710	709	565	566	719	718	564	721	569	568	562	560	560	560	560	545	544	545	548	717	716	715	534	533	539	533	531	544	707	699	703	713	696	699	703	721	703	718	720	643	641	644	482	483	645	485	684	495	479	480	496	
388	387	609	610	397	412	396	406	396	586	585	397	397	401	399	388	404	403	403	404	611	414	675	414	375	378	418	419	395	397	401	399	398	399	556	554	411	412	410	419	413	412	415	415	709	419	496	497	496	420	495	417	415	417	707	717	428	606	496	497	496	497	436	508	695	695	694	692	492	492	603	710	706	705	706	709	708	709	716	567	565	568	715	719	565	724	723	559	715	559	561	559	560	543	550	550	718	546	712	713	534	533	540	532	545	533	700	705	695	698	701	700	704	720	704	720	721	606	605	606	644	645	644	486	491	486	489	489	
388	388	611	610	412	397	411	397	611	397	620	403	402	401	401	405	404	401	402	670	425	610	612	602	376	420	377	603	394	402	396	397	397	556	557	555	556	410	409	410	411	414	414	415	708	418	553	414	415	414	556	707	707	707	717	716	607	606	605	498	498	507	507	508	509	696	693	599	604	599	602	604	600	602	602	599	707	715	711	713	564	567	716	568	567	566	714	715	722	562	560	724	561	544	544	549	551	551	726	713	535	718	532	531	532	702	698	695	706	702	697	700	720	696	703	698	607	606	605	483	482	645	480	487	487	490	487	490	
609	611	387	610	611	411	412	411	412	622	623	619	402	619	402	404	402	402	671	428	426	611	421	422	418	418	417	602	602	395	396	397	398	553	553	554	556	556	547	410	415	416	546	421	582	551	552	416	417	554	555	417	706	707	708	419	715	427	605	499	435	506	435	508	509	600	694	696	697	694	695	605	603	601	708	603	602	718	717	719	566	714	536	535	535	713	714	718	717	715	723	716	723	724	560	561	552	550	725	538	534	717	535	533	534	702	701	702	696	703	704	719	699	695	699	701	605	604	603	604	645	647	644	486	488	608	609	491	
610	388	608	611	611	613	614	413	621	622	616	617	618	404	403	403	401	611	403	427	425	610	613	611	426	419	418	601	606	397	399	398	418	554	552	554	555	546	548	408	412	412	413	414	415	551	550	544	417	554	556	556	418	419	418	710	420	607	605	611	437	436	505	506	507	506	697	696	693	695	602	607	606	490	602	601	603	714	715	718	713	714	713	535	534	716	719	716	715	714	562	722	562	724	725	716	723	538	537	535	539	719	722	698	698	535	701	702	704	718	718	718	719	698	704	700	700	700	643	642	646	645	487	485	487	607	610	607	
609	612	613	621	612	614	612	414	623	615	617	618	619	620	621	404	402	610	609	610	428	606	609	612	613	425	427	602	398	398	400	401	417	555	421	556	422	546	547	413	554	550	550	548	552	548	543	418	550	585	555	568	558	420	711	711	716	715	606	710	427	428	427	506	505	506	505	615	694	694	696	601	602	709	604	604	604	497	714	714	714	529	534	535	534	717	715	717	536	715	718	561	562	563	723	717	539	539	538	703	720	721	702	698	702	698	700	701	717	718	717	719	702	703	697	701	704	707	642	648	647	648	488	486	607	608	608	608	
611	614	610	604	612	611	613	622	621	616	620	589	620	622	595	596	403	404	611	600	606	605	613	675	427	426	425	401	399	401	399	401	418	420	422	420	421	548	414	409	550	549	555	577	547	550	547	549	549	546	558	586	567	418	711	710	713	710	711	711	428	426	429	508	507	506	616	695	507	697	698	603	499	490	710	500	605	498	530	527	531	535	535	535	533	533	716	535	718	537	538	719	722	722	717	719	569	538	537	539	701	719	701	720	703	704	697	720	723	717	718	719	701	697	696	702	706	709	704	703	649	650	489	649	487	606	609	608	
612	612	603	604	603	619	612	614	612	590	591	624	588	626	621	589	597	609	599	608	609	607	606	428	425	426	404	426	402	403	601	404	406	407	408	408	545	546	410	408	410	579	578	579	577	546	550	544	545	583	587	587	586	568	568	712	711	566	565	722	427	508	505	507	508	507	615	617	696	496	492	601	492	491	604	606	499	529	531	500	532	532	530	534	532	534	536	567	565	726	725	723	568	726	727	568	568	538	538	540	699	700	702	700	699	698	705	721	718	722	720	723	702	697	701	705	703	705	702	704	724	649	489	488	607	607	609	479	
613	613	603	602	618	614	622	613	625	624	623	588	625	589	622	386	390	389	609	608	620	619	429	607	427	608	403	403	406	603	408	405	408	409	409	407	399	407	543	410	411	411	579	578	546	547	547	547	546	588	584	585	567	567	568	572	567	565	566	567	564	509	508	508	509	508	698	618	615	495	495	492	490	490	491	502	500	498	530	605	501	529	533	531	534	535	535	566	723	533	727	722	725	567	728	729	567	569	539	705	700	700	701	567	699	721	631	720	719	721	721	724	703	707	700	703	707	706	647	705	648	493	492	490	608	608	608	480	
615	600	607	602	603	604	605	624	600	622	624	624	590	591	385	387	596	599	601	607	606	618	619	608	609	610	428	427	404	610	407	406	406	407	405	400	408	424	423	412	412	423	424	546	545	549	548	547	583	585	481	585	566	570	536	536	568	567	567	569	510	511	512	510	509	510	537	697	698	493	496	491	492	492	493	495	501	501	532	606	607	528	531	530	534	534	535	532	534	532	533	556	716	724	729	568	568	705	570	701	701	702	703	568	702	630	631	632	700	697	698	724	723	706	648	649	707	708	648	646	650	649	490	607	650	649	494	651	
601	612	608	609	604	603	618	625	627	625	625	618	619	386	384	597	597	600	600	618	390	618	617	430	428	429	429	429	428	611	612	408	638	637	638	406	408	409	553	548	423	579	582	568	546	549	550	582	584	582	533	482	569	569	533	535	537	721	568	568	512	509	513	513	510	536	536	699	700	699	492	492	493	496	495	494	494	500	532	531	532	529	529	529	536	535	536	533	535	533	534	721	717	730	567	560	706	705	571	563	703	703	567	569	704	632	703	704	699	702	725	724	724	647	698	706	704	707	647	495	494	654	491	655	650	493	652	495	
613	605	613	616	617	604	602	626	624	600	625	624	387	388	598	598	598	598	617	390	391	391	431	429	428	427	429	428	430	613	408	407	639	407	406	407	555	554	549	550	425	581	425	569	567	568	585	583	570	534	583	483	585	533	534	534	536	569	722	721	512	523	535	534	526	537	537	493	700	491	491	494	494	498	497	506	503	495	496	532	533	534	530	530	530	538	537	534	534	536	535	724	725	731	724	566	559	707	572	573	570	566	568	569	702	702	704	630	629	726	701	633	647	700	699	705	705	706	708	648	495	654	653	654	651	611	651	651	
606	614	615	617	614	603	603	608	608	601	611	612	626	389	626	625	599	387	618	390	601	432	600	601	428	429	428	429	430	418	409	424	424	407	408	404	409	410	425	553	563	562	569	568	569	569	584	563	565	584	484	584	484	536	528	535	535	723	724	529	722	528	526	525	625	626	538	538	492	492	492	492	495	498	497	505	505	504	533	497	506	504	535	531	537	539	504	505	537	538	537	723	565	566	565	566	516	570	562	561	566	573	574	568	702	701	702	703	706	630	632	631	631	648	706	706	706	646	647	648	649	496	655	650	652	610	611	610	
615	616	616	615	621	623	608	608	607	608	611	609	608	613	383	382	626	384	386	601	600	599	603	602	601	429	424	429	430	419	419	408	408	404	641	640	641	407	554	554	560	568	561	568	569	571	572	573	562	585	561	567	575	529	536	531	536	725	725	525	526	522	524	526	627	623	537	625	719	493	719	497	501	498	510	509	505	511	498	505	533	532	532	536	540	540	508	506	508	507	536	532	529	567	567	566	571	561	562	570	567	707	572	572	573	703	703	705	706	632	631	630	632	632	637	648	647	648	641	499	498	498	657	659	655	612	609	613	
616	617	617	614	616	622	606	607	607	613	612	609	612	613	383	386	385	627	600	611	602	601	600	602	430	425	430	425	430	412	411	412	410	409	641	642	641	640	563	555	409	561	410	560	569	572	572	536	568	562	562	576	568	520	530	530	537	527	526	524	525	524	536	618	620	723	721	723	720	619	498	500	498	509	509	512	512	505	504	507	508	507	501	541	539	507	508	507	508	533	528	531	531	569	569	566	570	571	570	570	570	570	706	571	704	705	705	633	632	632	710	629	636	638	634	705	706	638	639	495	497	610	611	658	612	611	612	614	
618	614	615	616	615	617	603	602	614	608	614	611	613	614	386	385	385	599	599	602	603	598	599	657	658	431	658	426	413	412	411	410	409	410	642	640	411	564	411	412	408	563	562	570	564	570	534	569	564	565	566	567	568	523	522	537	528	538	525	616	526	534	535	623	619	621	722	623	624	625	496	499	509	508	513	511	512	513	506	506	509	502	502	503	510	509	506	508	508	507	532	532	570	568	567	567	567	568	573	569	562	569	570	704	708	704	710	633	633	633	709	630	711	637	635	636	637	638	637	498	496	495	609	613	611	612	613	613	
