635	635	637	627	628	631	614	615	616	622	615	614	629	630	642	640	640	632	631	632	627	626	635	636	633	636	627	626	627	628	627	628	623	622	623	622	623	624	621	622	619	617	618	620	621	607	611	610	607	597	608	615	614	615	500	500	502	521	525	521	521	521	522	523	512	511	512	616	615	615	614	614	616	615	616	763	771	772	773	764	765	774	775	497	494	767	767	767	497	498	498	500	507	502	503	506	504	505	490	491	491	492	493	513	514	507	506	517	519	518	674	673	672	675	674	675	676	669	670	674	674	690	690	677	690	677	692	672	
636	634	632	631	630	628	613	615	615	614	621	615	631	631	631	641	633	639	631	630	631	627	629	636	626	636	627	630	629	629	629	629	630	624	621	623	623	620	621	618	618	619	619	619	621	604	608	608	604	606	607	600	599	599	501	501	501	502	526	524	525	522	523	524	515	513	510	511	516	614	614	612	616	617	618	764	762	773	773	772	776	777	775	496	493	495	766	766	498	496	499	497	499	502	507	508	503	489	490	490	493	492	514	514	512	513	518	516	517	518	515	674	674	673	674	668	668	677	675	673	677	689	690	689	676	691	673	674	
637	635	627	628	629	629	637	636	616	621	620	622	626	625	625	626	638	639	624	625	629	628	624	640	639	639	637	628	630	628	626	631	618	617	622	622	621	623	621	622	622	620	620	621	603	622	607	603	605	608	608	608	598	600	528	527	501	523	503	528	527	526	529	510	517	517	512	512	615	517	509	613	766	765	769	771	771	772	772	777	775	495	755	494	494	494	767	496	495	493	496	495	502	508	500	505	509	510	502	491	493	494	493	490	510	511	514	518	515	515	514	514	675	675	667	669	678	669	668	676	675	691	688	690	692	679	680	675	
638	636	631	630	627	631	629	642	643	621	619	623	615	627	624	625	627	623	621	633	623	636	625	625	636	638	639	638	628	627	632	630	619	623	620	619	622	622	603	622	620	619	622	622	611	608	603	604	610	609	609	599	599	601	607	528	502	529	529	530	529	529	528	518	516	531	513	512	512	508	614	614	614	766	773	762	770	773	776	769	496	756	495	756	498	498	494	495	494	497	511	512	513	501	506	501	508	505	511	501	494	494	495	491	492	515	516	518	516	672	671	673	515	676	668	666	668	669	672	691	690	690	689	689	690	678	676	674	
628	637	629	630	631	628	630	641	637	620	637	615	614	628	627	626	630	630	633	620	637	626	627	635	638	621	632	632	632	629	631	620	506	621	620	503	504	505	602	603	623	621	611	624	623	604	606	605	610	611	610	603	600	501	608	606	528	529	530	524	526	529	526	511	530	531	516	513	512	511	512	766	767	774	774	771	577	575	775	776	768	759	758	496	501	497	496	496	496	511	513	514	507	503	502	507	502	506	504	502	491	492	504	510	511	493	516	517	673	658	671	674	677	667	669	670	667	670	676	673	690	691	690	691	679	679	679	680	
628	628	629	630	630	616	642	644	643	638	621	629	625	626	633	625	629	623	624	632	621	636	636	635	622	621	626	627	633	629	630	632	506	508	504	504	505	507	508	637	604	607	621	610	639	639	502	502	611	612	600	601	600	502	500	608	607	608	531	527	530	527	527	526	527	517	517	517	514	512	512	575	576	577	775	764	576	776	777	757	578	758	758	498	498	500	499	497	508	510	514	502	506	506	507	503	506	505	503	504	504	503	511	512	658	494	658	659	660	657	663	669	673	669	675	672	671	672	673	674	675	675	692	693	692	668	685	686	
627	629	631	640	629	631	615	638	643	644	636	620	623	624	544	543	624	622	623	622	633	635	627	636	622	620	621	634	623	631	621	622	505	507	505	506	506	508	507	605	636	637	636	640	637	638	504	501	504	601	601	601	503	504	501	608	609	605	530	528	528	528	527	526	519	518	518	518	492	575	513	577	760	577	758	757	768	759	756	758	768	768	759	760	501	498	509	510	502	509	514	505	516	508	508	508	507	502	498	493	499	497	498	512	660	659	495	659	659	662	667	664	668	674	669	670	672	692	691	675	676	668	667	668	667	667	669	685	
629	628	637	638	629	628	639	639	636	635	619	620	619	622	544	543	638	637	642	643	634	626	627	631	634	623	622	623	623	628	622	620	628	629	624	507	507	511	628	599	637	637	605	605	638	502	503	503	498	503	503	602	603	504	603	503	610	610	604	529	530	509	601	602	527	520	519	525	493	579	576	582	758	759	768	767	760	757	768	758	759	769	762	498	499	499	510	511	510	511	762	763	515	501	508	499	497	504	503	497	498	498	496	676	660	680	677	679	663	662	663	664	669	675	674	673	671	693	692	677	660	669	670	671	666	687	695	694	
630	632	632	637	635	630	627	637	633	634	632	620	621	620	542	543	640	643	641	628	635	626	627	633	629	628	629	624	629	624	623	627	621	505	623	509	508	627	603	602	599	600	604	639	514	502	503	504	601	501	603	604	505	602	504	505	606	605	606	508	507	510	508	602	523	579	582	526	525	578	577	575	575	760	769	578	761	761	756	763	762	770	501	763	511	501	509	512	500	498	761	762	514	516	517	500	500	499	500	499	500	499	497	675	675	661	681	661	664	663	662	662	664	672	666	661	662	663	693	667	670	665	693	669	688	687	688	696	
634	631	639	633	635	631	636	634	627	632	633	632	542	653	652	543	639	542	544	545	627	626	627	635	635	630	622	615	630	624	632	622	506	629	506	624	631	625	609	608	603	604	515	513	514	511	510	504	604	503	502	605	605	604	603	505	506	510	608	602	601	511	580	581	523	522	523	581	600	601	602	575	574	576	579	580	760	758	757	763	762	503	500	500	504	510	502	513	511	499	499	510	509	515	501	498	499	499	499	501	502	675	674	675	679	676	662	680	659	657	659	665	557	665	671	667	662	694	660	668	664	667	664	694	667	688	695	694	
648	646	636	638	636	635	635	627	628	628	631	634	635	654	655	640	615	617	543	628	545	606	632	548	634	631	634	635	616	628	627	631	627	630	630	630	630	608	605	604	512	511	514	516	514	517	511	512	513	504	501	502	545	546	505	509	609	610	609	612	613	604	579	524	610	608	610	600	601	602	602	514	513	518	580	754	581	759	514	758	514	515	501	501	501	503	503	503	506	507	753	752	753	752	499	756	497	753	753	667	675	498	676	674	679	499	677	683	683	660	661	657	668	666	662	659	658	659	662	661	662	666	663	666	696	697	689	693	
647	649	649	648	644	635	628	629	628	634	635	636	655	657	654	656	616	618	629	617	618	546	634	549	624	623	614	624	622	613	632	630	629	631	631	629	630	606	605	610	629	513	613	612	517	518	518	515	603	604	503	503	506	544	507	509	609	507	506	507	508	613	580	605	608	609	601	602	601	584	513	512	517	515	517	757	755	756	513	513	515	502	766	505	504	502	504	505	504	506	753	753	753	753	750	500	669	755	752	668	669	674	500	675	676	501	683	558	681	684	559	559	559	663	663	661	660	661	660	661	666	665	665	697	695	698	695	694	
648	647	648	645	649	642	643	629	639	638	633	654	658	656	654	615	616	617	630	619	547	611	550	550	551	623	624	623	624	608	614	631	629	630	632	630	638	631	598	599	600	514	517	518	610	611	514	519	516	605	542	542	543	513	508	504	503	610	508	612	612	581	604	581	611	607	610	584	583	585	518	514	513	518	519	521	756	609	611	610	772	757	765	503	505	765	503	505	507	506	768	769	754	743	501	742	501	668	753	499	669	499	675	676	677	675	502	682	557	662	662	558	662	558	559	664	660	661	660	661	663	669	669	696	696	668	695	696	
643	648	649	644	643	642	643	638	653	650	621	655	622	655	657	614	614	608	618	610	617	635	551	617	616	617	514	611	606	607	521	519	519	519	637	604	631	599	597	599	515	516	612	612	612	515	516	609	517	543	508	543	544	507	514	504	505	504	613	614	611	606	609	610	608	608	602	586	587	604	515	517	519	519	520	520	768	607	608	607	755	756	756	757	758	504	764	504	507	507	766	767	753	502	753	743	743	670	671	670	498	670	500	680	678	685	499	683	683	556	557	559	557	667	661	662	663	663	662	664	670	671	668	668	697	694	667	669	
644	645	648	647	651	644	651	654	641	652	622	620	621	617	618	613	613	615	609	607	610	611	618	619	618	611	612	515	612	513	608	520	518	638	512	605	640	641	516	516	515	613	608	607	607	613	607	608	607	510	508	507	506	515	508	508	505	511	610	525	509	606	605	613	611	606	605	587	588	589	518	518	518	519	768	767	608	611	607	596	756	759	510	757	764	755	505	505	766	767	769	768	769	767	768	754	671	669	671	669	499	501	672	679	680	682	686	684	684	558	558	557	557	558	666	664	662	664	665	707	672	670	669	670	695	697	695	668	
645	644	648	652	638	650	651	638	640	652	621	621	622	623	614	620	621	622	610	611	608	609	613	612	618	621	625	516	512	634	609	521	519	520	521	522	640	640	641	515	516	514	514	608	606	608	606	606	517	587	508	515	517	505	509	521	527	513	510	609	590	609	620	612	605	590	588	589	590	589	590	591	774	607	608	769	610	598	608	596	595	758	509	511	515	506	506	772	774	512	763	770	762	766	768	743	744	672	670	671	508	671	503	502	674	689	690	500	690	688	559	559	556	663	664	662	665	693	705	706	708	660	661	660	698	698	670	669	
647	637	636	637	653	649	639	639	639	610	624	623	624	621	615	622	615	611	610	610	611	609	611	611	620	624	616	513	514	632	522	634	510	516	523	513	523	514	515	516	601	512	512	607	607	514	516	518	607	516	543	516	545	545	515	510	510	509	510	609	608	623	621	606	605	589	605	589	613	612	591	591	772	772	595	594	600	598	597	592	595	594	510	512	514	514	771	758	773	758	513	767	767	761	764	769	766	672	671	508	507	503	504	503	674	675	688	689	690	689	663	560	662	557	662	672	662	693	702	664	663	664	659	662	661	699	706	668	
648	637	638	637	635	636	638	638	611	609	622	621	622	624	623	617	628	616	627	631	611	610	612	624	623	625	514	615	510	634	633	635	522	521	522	513	514	517	517	517	602	603	511	513	607	606	514	515	516	515	517	615	544	545	511	511	600	612	511	606	609	622	585	584	609	608	590	614	611	590	608	606	771	771	773	769	600	594	592	594	593	759	758	759	513	514	513	759	767	772	759	766	766	766	771	771	767	672	507	509	504	506	504	505	674	675	556	540	689	555	554	664	560	667	668	671	663	694	705	701	704	662	660	660	665	662	705	706	
638	639	638	634	635	637	637	654	655	612	622	621	622	627	625	626	629	627	630	630	611	612	638	611	612	613	614	511	552	509	634	521	510	521	522	520	515	515	518	521	515	514	610	525	606	607	516	514	513	613	615	614	615	616	514	512	511	601	611	607	585	584	585	610	607	607	615	616	612	589	591	607	605	772	772	773	608	593	773	505	504	508	762	763	758	757	758	768	773	766	767	760	765	767	770	771	748	749	771	772	505	507	504	675	678	673	557	555	541	542	681	555	559	668	667	668	670	670	669	705	664	663	661	666	705	704	663	706	
637	638	640	639	640	654	653	626	625	626	622	623	622	626	626	621	628	629	629	630	631	612	638	617	613	637	512	615	615	635	636	637	522	523	524	521	514	521	520	519	515	516	609	607	524	524	525	514	614	615	616	611	516	544	544	515	515	611	612	610	585	586	587	611	609	607	608	613	617	611	590	609	608	773	614	769	607	772	772	771	509	761	761	763	760	761	756	758	757	762	761	762	768	771	771	770	769	770	513	507	505	508	505	506	677	558	677	678	677	678	679	680	664	663	663	668	669	676	675	670	670	664	667	668	669	670	706	687	
639	638	637	636	640	638	629	639	627	626	625	624	618	621	620	629	622	632	630	635	632	632	614	616	639	637	511	614	617	636	514	515	520	519	524	513	519	520	519	518	612	524	524	524	523	524	515	523	518	613	616	612	610	541	542	514	514	610	611	631	587	615	614	615	610	608	608	616	590	592	610	590	609	613	615	613	614	767	771	773	763	762	762	762	760	757	759	758	507	509	510	769	770	768	770	772	773	771	512	520	509	504	502	506	507	507	675	678	679	678	666	665	671	671	667	669	671	674	676	669	669	666	669	668	708	706	707	688	
640	641	639	640	639	637	641	628	638	627	627	628	622	621	623	623	633	633	633	634	615	614	615	637	617	611	610	618	616	552	551	513	520	520	627	628	521	520	524	523	524	525	525	524	523	523	525	516	517	609	617	609	540	546	515	627	545	630	631	630	616	615	614	616	611	615	614	631	591	591	588	589	770	613	614	766	766	609	772	762	512	511	593	760	761	508	507	508	508	509	771	769	770	769	673	672	771	771	772	681	680	510	507	666	505	508	509	679	678	662	669	678	669	670	670	670	668	673	673	674	671	665	665	661	707	708	689	689	
641	639	638	638	640	638	640	640	643	643	642	641	623	639	622	617	618	634	634	635	635	656	616	618	628	639	618	617	550	548	550	552	522	626	627	519	520	520	517	524	523	522	525	524	524	522	517	521	523	610	546	541	545	516	547	547	626	546	631	630	631	632	615	615	622	636	631	634	592	589	592	592	769	613	767	769	773	772	761	760	773	766	759	766	759	509	508	505	507	761	507	762	768	769	673	524	522	524	523	524	682	681	682	665	666	509	677	680	677	663	677	677	676	684	671	686	669	667	672	675	673	672	664	694	667	689	688	690	
641	642	640	645	633	643	637	639	640	642	642	642	637	638	638	623	624	619	658	658	655	636	637	617	629	627	630	630	611	610	551	522	553	548	549	511	518	517	518	518	519	522	544	547	523	522	523	526	520	526	542	545	630	547	548	608	547	625	630	629	629	633	628	610	609	623	635	632	633	593	591	593	770	769	768	598	770	591	771	772	771	767	516	515	501	509	504	510	504	518	506	508	763	521	674	771	523	524	682	680	524	662	666	666	662	678	678	677	676	672	674	677	666	671	683	682	685	686	671	672	673	696	695	697	693	687	666	666	
640	641	644	645	641	642	639	639	640	641	630	636	636	637	636	636	613	614	620	657	616	616	638	627	616	628	629	549	631	628	546	545	547	549	550	519	520	520	519	514	515	516	523	529	546	522	542	527	525	521	613	545	546	629	628	629	626	623	624	630	631	626	611	610	513	514	634	636	638	634	612	614	595	771	771	508	593	592	592	772	760	761	775	514	510	500	511	506	505	506	507	764	519	518	518	520	523	524	523	681	523	661	662	659	662	666	678	663	661	674	673	667	666	672	683	684	685	685	686	672	674	691	693	694	697	666	665	667	
641	643	638	641	642	642	643	640	641	629	642	633	635	636	635	639	612	612	608	609	611	615	639	616	615	630	629	550	550	547	545	546	548	546	519	551	515	512	521	514	515	516	530	528	530	545	521	522	525	614	525	523	630	629	632	632	619	621	625	631	623	623	624	621	622	620	630	615	639	639	635	613	641	637	770	509	509	510	773	770	617	774	773	767	516	512	510	506	763	762	507	506	765	519	519	524	524	520	682	521	523	663	662	661	663	662	665	664	662	671	670	674	666	668	673	685	691	675	685	682	664	693	675	676	696	692	663	666	
645	639	639	635	634	643	644	642	642	627	633	634	638	631	632	638	613	611	612	654	610	614	613	536	613	610	627	547	549	551	549	548	545	549	547	512	511	514	515	530	522	521	530	529	544	543	546	547	524	524	556	522	626	628	631	630	620	617	632	621	622	623	622	623	620	621	614	615	614	613	614	636	614	636	508	509	508	510	773	616	773	775	768	517	768	517	511	507	505	507	506	766	766	520	524	523	521	523	521	667	668	667	667	668	667	661	664	665	667	666	670	669	674	667	680	685	684	674	676	681	675	674	667	690	696	697	691	664	
640	640	644	636	635	644	643	643	629	644	628	632	635	636	635	639	652	634	655	636	643	614	615	614	537	614	546	628	550	546	550	546	544	545	548	516	515	514	513	516	522	520	530	531	531	545	546	526	523	522	524	523	553	625	620	619	618	619	618	619	623	623	622	621	635	630	637	613	614	613	632	633	507	506	505	510	509	507	612	772	614	615	515	770	516	512	508	513	506	506	508	691	615	616	519	522	530	523	522	687	686	669	668	688	668	667	667	663	666	671	671	666	675	681	680	691	673	674	675	675	674	696	668	691	699	692	692	663	
645	645	644	643	634	631	644	630	643	629	628	634	629	636	634	652	635	652	652	654	637	649	645	538	537	538	547	546	637	637	545	639	546	547	549	516	515	516	513	514	521	521	523	522	529	530	527	528	525	523	553	555	554	624	622	623	620	620	620	621	623	623	622	623	629	636	637	615	612	637	608	609	507	615	506	510	508	510	774	773	765	764	768	769	598	513	512	512	508	506	504	614	690	519	519	523	524	523	690	693	687	686	687	686	668	667	666	665	666	667	668	667	685	682	680	686	675	676	681	666	665	695	692	692	667	700	691	690	
646	641	631	632	635	648	649	628	627	629	630	630	635	633	641	654	651	652	653	651	662	646	535	536	535	613	644	547	636	636	545	640	545	550	554	550	538	514	515	514	516	522	524	530	531	532	528	527	526	610	554	528	621	620	625	621	619	620	622	619	620	624	622	622	626	625	612	618	637	636	637	611	508	614	515	507	509	515	515	516	774	765	769	769	599	598	600	600	515	507	505	505	617	619	518	519	686	530	694	692	693	688	687	667	669	546	674	667	678	667	668	669	713	684	679	682	683	682	667	684	669	694	669	666	668	670	693	691	
642	630	631	643	644	648	630	629	630	629	627	636	632	634	640	636	559	652	654	661	650	649	535	534	614	536	643	639	637	546	641	544	641	552	553	549	629	515	516	515	517	599	602	520	531	532	528	527	609	528	527	605	606	622	626	611	609	610	619	622	626	623	623	621	623	624	626	627	640	612	610	508	508	507	508	509	516	516	576	775	768	768	768	767	599	599	512	514	513	603	506	506	507	618	618	619	617	687	688	693	693	691	690	690	690	545	545	668	549	669	543	713	714	713	681	687	686	777	683	701	670	668	779	780	781	689	688	690	
631	630	631	632	648	647	633	636	633	628	629	634	560	560	560	557	565	659	661	650	662	650	657	653	537	534	636	637	637	642	643	628	545	548	549	554	628	516	517	515	524	514	603	603	521	532	528	610	522	608	621	605	604	617	623	617	610	610	621	618	625	627	620	621	622	627	625	639	640	611	611	509	510	511	510	509	515	577	575	769	767	767	768	768	600	602	515	543	600	515	507	602	603	617	686	620	522	522	523	691	692	693	692	689	547	549	547	546	548	542	670	537	714	543	541	685	688	684	684	699	700	669	778	781	691	694	693	689	
630	630	631	629	630	635	634	634	555	629	630	635	631	559	562	563	564	564	660	651	565	653	651	656	652	535	546	546	636	637	629	626	542	542	629	628	627	517	630	525	516	515	516	602	522	604	528	615	524	525	609	620	605	619	624	625	616	619	613	619	620	618	618	618	620	626	627	641	612	620	612	509	509	759	509	759	577	576	770	576	577	579	769	601	544	601	542	604	541	684	616	683	755	756	753	523	523	525	680	681	692	692	690	690	690	546	547	549	550	685	686	686	538	543	542	689	683	700	685	700	699	704	705	692	693	694	694	696	
629	629	638	631	643	642	640	556	633	633	636	630	563	561	563	564	626	563	661	660	661	650	654	653	656	655	546	545	546	630	542	541	542	541	540	543	628	628	629	629	629	629	603	603	603	527	526	616	533	524	619	630	622	620	616	615	609	614	619	618	620	619	617	619	618	624	625	617	619	622	511	605	760	617	619	617	509	577	575	577	578	547	578	579	581	580	582	605	542	615	682	683	756	754	752	616	522	688	689	679	680	691	691	688	687	695	547	548	548	548	684	685	708	541	542	684	684	700	699	699	701	682	703	778	782	694	695	694	
631	630	642	642	642	641	640	641	634	634	632	631	563	562	562	627	627	630	662	655	660	649	651	655	654	655	656	638	546	613	612	629	542	660	542	614	627	614	595	598	628	604	529	604	604	525	527	617	532	629	630	618	628	623	617	610	611	610	616	619	615	620	618	617	619	616	619	622	621	618	616	510	511	616	618	618	770	572	573	577	578	577	578	580	580	581	583	584	541	542	543	755	756	753	615	753	519	690	678	525	531	692	689	689	694	694	694	547	684	683	686	686	688	686	542	543	807	811	787	702	815	681	704	781	695	695	811	695	
631	631	641	641	631	630	638	637	636	635	638	564	564	563	561	626	628	653	663	661	654	655	656	654	653	656	639	547	553	613	612	647	660	659	614	615	613	616	597	597	603	597	530	529	605	605	527	534	533	627	628	629	629	624	611	611	611	615	613	614	620	621	620	618	616	620	617	619	615	617	617	617	620	621	617	568	571	769	574	769	585	578	576	576	583	584	582	584	540	542	756	544	757	754	616	616	756	679	689	526	530	690	688	690	690	692	693	695	521	806	688	687	687	689	690	691	808	812	790	816	682	816	705	705	804	808	694	810	
632	641	636	635	634	634	639	637	633	636	634	637	638	562	632	627	627	664	663	662	661	659	654	657	656	640	642	650	614	645	648	647	646	546	543	611	608	609	615	598	596	606	531	530	526	606	532	528	523	628	629	624	617	625	617	627	619	618	629	615	622	616	628	619	620	616	615	616	615	616	620	619	620	620	523	619	569	767	768	586	580	584	581	582	754	583	749	749	543	684	755	756	753	756	755	531	693	536	679	690	679	693	694	691	691	691	692	692	692	807	683	687	681	682	702	688	812	791	791	816	683	706	681	682	804	807	807	695	
635	635	636	634	634	635	633	636	638	639	635	632	633	631	634	631	633	541	665	662	660	656	658	659	657	657	641	649	551	553	646	645	646	544	545	613	612	663	616	617	605	605	618	619	529	527	533	531	529	630	527	629	626	618	616	620	626	617	616	615	614	629	617	620	622	612	617	614	626	621	620	613	524	521	522	620	572	570	768	585	584	583	586	763	753	751	540	748	542	750	756	748	759	755	756	535	533	535	531	680	694	694	695	703	702	693	687	691	521	808	806	682	682	706	701	808	689	792	815	803	817	682	682	810	811	807	806	808	
636	634	636	633	634	636	632	636	635	636	631	632	629	632	632	630	649	666	661	543	661	545	657	659	660	661	660	648	649	552	553	646	657	662	661	610	611	664	664	635	616	617	529	528	530	525	534	532	532	533	632	630	630	619	620	627	621	628	617	615	615	628	621	621	621	613	618	619	617	619	617	614	524	523	573	621	621	571	769	586	525	585	762	764	752	541	542	749	543	544	749	756	758	756	536	536	533	532	533	681	692	691	704	694	680	703	694	695	522	691	693	695	704	705	701	700	690	820	813	805	787	786	809	806	806	809	807	808	
637	635	649	651	648	632	637	636	637	634	635	633	633	648	631	632	648	632	660	662	544	656	656	659	658	659	649	651	652	648	646	647	648	662	661	613	611	665	634	615	617	619	618	619	526	528	532	535	529	534	631	632	620	633	616	616	629	620	619	616	618	619	633	622	620	619	618	619	624	623	615	618	615	519	520	572	572	522	543	524	587	763	586	587	580	543	578	531	750	533	545	532	757	759	530	537	538	535	532	533	677	676	692	679	685	704	694	523	695	692	693	696	702	701	699	700	819	814	818	819	818	808	804	805	805	806	807	809	
636	636	648	651	650	631	641	637	640	635	634	634	634	632	647	633	635	633	632	664	665	545	658	661	659	660	559	559	559	657	649	648	648	660	661	659	612	613	638	635	636	615	618	526	527	533	526	532	536	528	530	531	532	574	615	616	627	620	618	620	618	619	635	623	636	632	627	622	623	623	616	616	523	523	521	571	573	523	543	544	541	588	587	588	580	579	577	579	532	532	532	533	532	760	531	539	536	539	533	702	677	677	685	699	696	695	697	694	696	703	525	526	705	706	702	820	701	811	812	807	806	819	807	814	806	807	806	808	
637	637	648	631	632	641	640	639	635	634	633	634	635	636	635	646	633	633	634	663	664	663	660	659	560	558	558	558	658	657	660	649	660	661	661	612	613	614	657	637	662	662	612	529	527	528	533	529	539	530	529	609	610	611	573	628	607	619	621	619	619	635	636	635	624	632	628	628	629	624	615	524	522	767	767	574	570	525	524	525	542	506	507	544	579	578	580	534	531	532	534	533	533	529	531	532	534	539	534	694	701	701	698	686	696	696	696	698	541	702	705	706	707	704	705	811	821	812	808	807	820	808	813	812	815	807	814	816	
638	649	630	631	642	629	632	639	639	636	647	635	635	550	647	648	636	635	662	663	665	666	664	661	561	663	559	657	656	655	661	661	662	659	613	660	613	619	619	656	662	661	614	535	528	527	529	528	538	539	609	608	535	612	629	607	608	607	620	620	621	620	621	587	588	631	628	627	628	625	614	525	568	523	766	766	770	525	770	507	505	506	507	543	580	580	541	535	533	533	535	531	534	527	533	529	538	535	693	702	699	685	684	685	687	687	686	540	540	706	702	702	701	704	705	807	812	813	812	809	812	819	820	807	813	812	813	815	
632	650	631	629	628	633	640	631	638	646	636	636	550	549	649	635	649	658	657	661	664	659	662	661	562	664	662	658	661	662	656	663	661	614	661	664	661	618	656	662	661	658	526	534	535	533	529	539	529	610	610	610	573	536	537	608	609	582	610	622	621	621	588	587	587	631	630	567	623	622	566	615	616	608	524	765	768	769	508	763	506	542	602	601	601	581	542	534	532	533	532	535	527	527	534	532	536	536	691	703	703	681	688	704	686	685	541	538	539	539	701	703	702	703	808	813	813	811	814	811	810	807	807	806	811	812	809	814	
654	633	654	647	630	630	647	639	640	641	551	637	636	552	650	650	637	637	658	665	660	664	664	663	660	663	664	659	660	657	662	663	663	662	662	660	663	666	660	663	659	657	528	526	532	531	532	530	531	614	537	536	537	538	537	541	610	609	581	620	581	622	588	589	588	628	627	627	623	568	567	566	582	609	652	767	767	766	765	762	763	507	541	601	600	534	535	536	533	533	536	533	539	533	711	710	709	727	726	723	727	694	693	683	703	705	703	540	540	704	701	808	810	809	811	812	699	812	812	812	821	822	813	808	807	808	806	807	
654	653	632	647	646	646	629	641	642	636	635	637	633	635	651	637	636	659	665	664	663	665	664	661	662	663	659	661	657	661	658	663	662	658	659	663	664	665	665	660	656	657	527	527	664	532	531	532	534	613	537	536	538	575	576	540	612	610	622	613	582	586	585	584	631	630	631	579	569	577	567	582	581	610	653	768	590	766	761	762	510	541	602	602	600	601	533	535	535	534	534	539	540	541	532	532	710	713	712	725	726	693	684	692	704	706	537	704	538	704	703	702	807	810	812	813	731	731	731	822	813	823	807	809	809	807	809	808	
654	645	645	642	646	646	647	642	649	640	647	635	633	633	638	636	637	666	667	665	563	668	665	557	663	658	659	656	657	659	659	665	665	665	657	664	659	664	664	659	660	528	528	663	528	666	531	532	533	541	538	539	576	575	574	612	542	623	537	612	614	587	580	619	631	632	571	572	578	629	576	581	580	650	769	652	767	503	503	760	542	511	540	512	602	532	531	695	534	731	732	539	540	540	539	538	539	723	723	725	726	725	691	705	691	692	705	544	705	810	540	806	807	814	812	814	814	730	729	730	824	808	809	809	808	809	810	809	
647	650	646	643	644	645	635	650	641	648	649	648	656	631	658	638	659	638	639	668	562	666	669	666	662	660	659	660	657	658	665	665	664	665	665	653	652	665	663	660	522	523	658	529	664	663	533	533	533	533	533	537	576	539	613	543	537	612	613	587	586	581	582	587	628	632	628	626	571	630	582	584	582	583	656	512	502	760	504	504	761	545	544	584	543	533	532	694	730	731	730	541	543	540	540	731	540	724	716	726	726	542	706	692	713	692	543	706	707	706	807	809	808	814	813	813	815	815	731	731	825	825	812	710	709	810	811	812	
650	649	650	646	645	643	646	645	651	642	649	650	632	655	657	658	654	641	639	640	639	640	634	665	638	637	661	658	665	666	660	666	661	662	650	666	652	659	664	665	524	665	616	518	664	534	535	534	532	532	534	532	538	544	544	538	544	536	535	588	625	632	580	581	588	627	627	570	570	568	576	583	651	655	644	507	503	652	651	652	594	762	583	583	543	544	589	533	729	727	729	766	700	542	730	730	732	728	715	719	765	543	542	543	696	693	733	542	544	713	712	808	726	725	726	814	815	707	732	826	732	733	822	813	824	811	823	828	
649	648	647	647	647	655	644	637	641	652	651	651	647	639	654	653	655	640	641	639	649	659	651	667	666	661	665	664	663	664	659	667	660	663	660	668	661	661	658	659	664	520	617	519	521	536	521	535	533	533	527	528	539	539	543	545	537	534	536	537	626	632	583	582	582	589	570	628	569	569	571	585	652	654	656	508	506	504	650	654	599	598	763	544	595	545	590	588	534	730	728	765	699	727	729	730	727	766	729	716	718	541	540	695	713	697	698	545	732	734	712	711	809	732	726	699	816	706	827	709	710	823	821	823	827	728	729	715	
650	648	657	658	652	652	638	649	638	657	652	648	648	648	642	641	654	664	640	650	651	650	652	652	668	661	663	664	664	664	666	658	652	651	659	662	651	656	664	663	522	521	522	520	521	522	522	520	534	532	534	528	540	539	538	543	542	539	537	584	583	585	582	583	624	588	627	583	570	570	584	653	653	656	579	509	505	509	653	651	597	600	599	598	545	546	547	587	588	697	765	700	636	636	769	728	720	719	720	730	718	721	728	696	713	733	708	731	733	714	713	732	731	730	727	731	730	817	732	708	708	822	824	826	826	727	712	714	
659	660	659	660	653	653	655	650	656	656	648	648	641	643	642	643	663	664	663	653	651	659	652	653	662	662	665	659	666	664	659	666	667	654	652	663	653	652	655	665	539	540	521	522	536	521	522	523	524	535	533	541	537	539	540	534	544	538	618	584	584	592	611	592	593	625	589	590	582	584	510	585	586	580	505	506	508	654	652	653	599	602	600	597	598	546	587	586	589	692	766	636	635	635	768	768	766	767	721	721	722	729	697	698	732	712	717	709	730	733	725	732	733	728	730	735	732	731	707	710	706	707	708	743	728	713	728	713	
658	659	659	654	665	657	654	651	656	655	649	649	661	663	660	662	664	662	652	664	648	658	651	659	661	661	660	659	651	663	651	665	653	653	653	653	653	670	669	540	539	522	534	535	522	524	525	524	525	524	528	534	538	536	535	535	544	617	544	585	590	612	591	574	573	574	590	575	585	583	583	584	510	587	511	650	650	652	651	599	653	601	601	604	587	547	706	586	590	693	767	636	635	634	769	769	771	720	769	723	723	720	721	709	733	716	712	718	731	729	732	816	817	731	731	731	732	733	708	709	734	733	712	743	744	729	729	730	
657	659	660	664	655	656	656	655	652	657	656	655	650	662	661	666	663	664	663	647	658	657	660	661	662	662	660	531	659	658	657	650	652	652	652	653	654	670	669	668	538	541	535	536	536	535	523	524	525	529	533	531	530	536	537	619	545	619	535	591	591	613	583	575	574	576	574	582	583	584	580	511	512	655	654	653	651	651	651	598	587	602	603	584	588	703	707	703	591	652	655	768	692	726	628	627	626	721	719	720	724	721	708	708	713	714	713	731	711	731	817	817	732	729	730	732	732	746	747	746	747	713	713	711	745	730	726	731	
661	663	656	656	657	654	654	657	659	653	660	654	659	644	652	665	664	665	664	664	663	663	662	649	667	661	660	659	530	658	652	650	652	653	651	652	658	654	671	558	539	539	540	525	537	536	527	531	530	528	528	533	537	537	542	537	618	593	592	589	523	525	523	615	614	577	586	583	583	579	581	579	512	513	656	654	655	652	652	599	652	603	653	603	587	703	702	708	655	654	655	692	699	727	630	625	627	630	721	723	722	718	719	709	723	711	714	715	732	735	824	824	736	822	731	729	733	747	732	746	745	710	714	712	729	746	732	737	
662	664	655	658	657	651	653	654	658	659	653	655	644	643	659	665	666	665	645	646	661	662	670	668	648	649	663	648	659	531	530	651	652	531	653	657	656	655	558	557	541	540	540	541	538	528	529	526	530	529	533	540	539	540	541	619	618	618	588	589	590	522	523	524	522	613	587	585	581	580	578	513	613	515	657	514	653	651	653	651	650	657	652	588	661	660	660	650	652	653	705	631	630	629	626	628	631	723	722	720	719	718	719	720	717	713	713	715	732	713	736	823	735	734	733	734	748	731	745	733	750	749	717	749	714	715	731	732	
659	665	656	656	658	660	655	654	655	654	653	654	649	645	643	666	664	666	646	647	663	660	663	669	669	668	664	665	528	661	659	660	652	654	532	658	658	659	528	658	658	542	660	659	536	547	547	548	533	532	530	542	541	537	540	619	619	619	589	541	542	616	543	523	612	546	585	582	579	581	580	579	516	581	584	515	657	654	652	649	655	651	602	775	660	652	650	652	653	653	704	702	703	627	630	627	629	723	723	720	720	719	717	716	718	719	712	711	712	737	743	734	732	729	735	729	749	746	745	749	734	750	742	716	715	713	732	714	
658	657	661	655	659	650	655	649	663	649	648	662	662	644	665	665	665	663	646	647	664	664	670	668	665	652	653	663	666	662	660	531	661	533	555	529	659	531	526	560	659	657	658	658	546	528	546	533	536	533	534	543	540	538	539	541	540	620	544	542	543	615	524	613	544	545	581	586	580	581	586	585	580	581	583	658	654	653	657	654	650	656	657	774	775	659	651	653	662	700	700	699	703	631	630	630	729	719	721	723	722	722	728	721	722	717	724	733	713	742	735	723	733	733	728	748	747	747	748	749	745	741	717	741	714	712	713	729	
659	659	659	660	661	655	655	664	648	649	661	655	656	661	662	664	665	667	652	665	665	650	648	665	655	652	653	662	664	663	661	661	530	560	525	526	530	525	559	534	660	658	659	659	662	545	544	588	534	583	541	547	542	540	544	538	539	541	543	787	778	523	522	543	544	547	587	583	586	582	585	586	585	653	653	632	655	656	654	651	660	658	775	773	773	774	654	661	701	632	629	701	703	702	702	631	631	728	718	722	723	721	727	722	723	718	732	734	727	744	743	722	734	734	732	749	751	748	744	748	749	750	740	716	713	714	730	714	
661	660	659	662	656	654	656	656	652	650	650	650	651	661	662	664	665	651	668	651	666	651	666	666	651	654	654	665	663	664	662	663	533	559	560	531	527	558	527	534	535	534	663	661	528	546	589	526	587	584	585	546	543	543	546	547	544	544	545	788	786	779	788	552	552	547	585	583	582	581	584	655	654	654	620	631	633	633	618	617	659	659	773	772	773	662	659	655	632	630	631	630	631	703	701	630	632	632	718	717	721	720	726	727	719	720	665	732	735	745	723	744	735	730	731	732	752	745	729	747	754	743	742	715	714	479	479	731	
661	658	658	659	660	655	634	657	633	634	651	657	645	652	663	667	665	649	652	652	652	652	535	538	654	655	656	657	656	532	662	530	532	562	526	559	530	557	559	535	535	527	662	664	529	529	588	588	588	588	542	588	545	541	546	548	590	592	595	785	552	780	551	553	551	545	586	618	619	586	582	621	655	619	630	632	632	620	619	618	660	614	613	614	774	662	661	633	780	781	701	702	700	703	702	656	631	719	718	717	719	720	728	727	729	729	664	731	729	746	469	733	731	732	733	733	733	744	745	746	753	754	714	715	715	480	481	481	
658	659	658	655	660	656	635	634	635	633	634	658	648	646	666	667	666	652	655	653	653	655	537	534	537	656	539	530	529	532	533	528	530	532	561	562	563	529	560	534	536	529	528	526	530	529	582	587	587	588	541	537	542	545	540	541	540	593	594	552	786	552	554	552	781	617	546	617	620	584	583	584	620	616	620	630	629	620	620	617	615	613	614	787	778	777	778	779	780	777	702	780	698	700	655	724	720	721	720	725	727	726	719	664	728	813	479	478	470	468	733	730	732	734	734	732	723	729	743	713	754	715	716	715	481	715	478	480	
659	657	656	659	674	661	662	635	636	633	657	658	650	650	665	665	666	651	652	654	654	538	535	536	536	537	657	532	533	535	531	532	561	562	562	565	566	564	569	561	535	528	527	528	528	597	528	583	539	589	547	545	541	591	592	597	596	604	595	593	553	784	556	617	616	780	618	619	589	584	585	618	621	609	621	621	629	625	607	613	615	614	614	777	778	776	773	778	779	780	703	634	701	699	657	656	720	719	721	727	726	722	725	665	814	813	812	809	469	734	728	729	734	724	724	722	753	754	714	712	713	755	716	749	717	717	473	474	
674	673	672	673	660	683	684	637	638	646	659	672	649	666	666	666	667	651	655	646	682	645	684	683	529	528	533	534	534	536	533	562	533	563	563	564	565	566	565	536	562	529	527	536	527	527	598	599	544	545	546	547	592	594	591	591	601	603	594	589	590	783	555	783	618	549	548	549	589	616	617	588	611	610	655	656	785	786	787	788	612	615	615	610	779	775	774	775	779	778	635	725	725	726	655	658	633	721	671	726	726	726	724	815	810	809	811	810	809	810	475	729	730	723	755	754	723	738	713	714	717	715	715	750	719	716	474	472	
686	687	686	652	670	682	684	682	688	635	645	671	667	650	667	650	650	651	645	647	646	643	644	685	684	529	535	536	529	527	561	563	563	539	563	564	567	569	563	562	561	564	565	526	537	530	530	529	528	590	589	593	593	595	594	548	549	600	601	600	612	611	784	785	614	621	550	550	618	617	616	612	785	784	783	784	783	613	611	626	627	627	610	778	656	780	781	777	776	639	779	725	724	727	727	723	717	670	670	724	725	727	727	816	722	668	811	809	811	476	476	477	730	729	724	731	746	737	738	712	716	736	714	715	718	471	473	471	
672	685	686	676	676	675	681	689	687	687	670	671	672	668	668	651	645	647	646	647	645	644	645	686	685	530	536	537	538	528	527	562	564	540	563	566	560	535	528	534	562	565	529	536	527	529	529	527	529	591	594	594	594	593	542	542	543	600	543	544	601	594	785	594	534	547	622	547	547	778	777	588	777	785	786	782	782	781	612	617	615	628	613	779	777	655	654	655	665	706	638	639	703	637	724	716	725	671	726	725	727	726	728	817	666	667	668	720	812	478	477	728	726	722	724	730	731	731	713	515	736	735	730	719	472	471	470	717	
673	671	684	678	677	677	690	690	668	671	672	671	649	669	652	648	652	648	647	644	643	644	649	680	531	538	537	535	536	537	528	528	568	565	564	565	566	569	534	533	540	539	566	528	528	528	529	528	592	533	595	545	543	540	539	541	542	601	544	538	545	786	593	786	534	547	546	546	618	776	777	778	778	773	774	773	777	612	618	614	629	616	614	614	612	616	612	666	656	710	705	636	638	712	715	717	721	720	721	718	727	728	666	666	667	732	666	668	722	723	725	478	727	721	724	723	730	719	715	716	514	731	732	731	714	716	716	718	
672	673	678	685	677	678	669	686	685	645	672	670	650	653	648	653	648	648	645	642	643	644	683	650	682	688	687	537	528	529	529	569	569	566	565	558	559	557	570	535	532	539	537	529	530	542	533	531	533	534	530	544	596	595	596	527	600	546	603	537	607	533	594	595	532	533	545	610	619	778	779	780	774	784	625	778	776	776	614	619	620	614	611	609	615	611	627	628	663	710	711	642	643	710	718	717	718	721	716	717	718	668	665	666	668	667	722	667	723	728	728	479	728	718	501	720	721	718	729	516	717	721	716	715	717	715	717	719	
673	679	686	678	678	672	683	670	671	686	687	651	654	655	653	654	647	649	647	646	644	645	682	683	684	683	538	539	690	688	690	691	534	548	558	559	557	560	571	558	540	538	537	536	541	542	532	539	535	531	525	526	596	526	526	527	547	548	537	536	606	606	534	534	534	609	546	609	547	620	781	776	781	779	785	778	777	778	616	615	614	612	612	610	631	628	612	613	629	664	710	641	642	637	717	719	724	717	718	717	718	793	715	667	666	667	666	721	668	722	727	731	729	734	728	500	724	720	719	516	515	718	515	715	735	716	715	720	
672	671	677	672	683	684	687	672	645	646	688	647	646	648	654	655	656	646	647	648	642	644	682	683	685	684	684	575	689	549	689	540	533	547	552	553	554	560	559	559	559	538	536	537	535	533	543	535	534	533	532	525	533	525	525	526	548	549	536	607	607	607	535	535	531	610	547	546	610	782	783	779	780	625	779	784	778	778	615	614	613	613	628	627	611	630	629	650	630	630	643	641	718	636	638	639	721	723	781	780	793	794	723	723	666	721	722	720	721	725	732	731	730	727	718	725	725	723	724	513	513	516	736	734	715	734	714	714	
673	673	675	680	681	686	684	684	558	689	656	652	651	647	655	656	649	566	648	647	649	643	685	683	685	683	688	690	574	575	690	541	548	548	553	555	561	537	559	559	542	535	534	536	537	544	536	542	540	533	533	532	528	524	526	533	608	538	607	534	606	537	537	536	532	532	610	611	783	611	610	781	778	779	783	782	784	618	617	619	611	614	614	612	631	612	630	631	632	654	642	719	797	717	637	639	783	782	781	794	793	794	723	722	726	668	720	725	724	732	778	729	734	717	518	726	726	725	726	516	512	515	715	735	733	728	716	716	
674	674	679	676	687	682	683	684	563	559	656	657	656	652	653	656	565	563	665	650	646	648	684	684	686	687	574	691	690	575	535	533	549	549	552	536	538	560	558	550	548	536	537	538	535	535	536	541	541	541	548	547	531	527	525	531	607	535	606	607	536	537	538	537	549	550	611	609	610	609	610	616	618	616	786	785	629	618	783	612	622	628	628	627	629	632	617	618	616	655	720	798	718	796	640	638	796	793	780	794	778	777	724	723	796	725	812	797	800	725	730	733	733	517	519	517	726	726	725	726	515	516	516	737	738	717	715	715	
677	679	675	678	553	686	683	685	562	560	657	726	656	655	561	566	649	563	562	650	647	653	685	655	660	688	574	689	690	577	536	537	532	555	557	557	539	561	538	539	549	549	537	540	542	536	544	545	537	542	545	529	532	530	529	531	532	608	605	656	540	537	538	539	550	550	610	613	541	542	543	619	617	616	617	626	628	630	629	626	627	621	628	617	654	654	653	616	615	617	656	725	799	797	639	611	612	779	778	779	779	778	779	795	724	811	812	799	801	784	783	734	519	518	717	511	509	510	521	727	515	717	733	728	737	737	730	731	
676	678	679	676	551	554	685	563	556	658	561	561	657	559	567	559	650	564	565	653	651	648	659	660	659	681	583	582	691	537	578	538	552	542	556	538	555	537	539	539	550	550	539	540	545	536	533	536	543	546	530	544	545	533	547	532	534	530	655	606	654	536	539	546	622	614	614	541	540	541	543	618	617	618	629	628	628	630	629	630	629	621	622	621	620	654	654	621	622	621	671	724	613	798	722	723	725	797	783	781	782	725	796	725	796	794	805	797	797	781	783	735	735	734	476	510	510	511	520	521	516	732	729	738	729	738	733	735	
676	679	679	678	676	555	558	685	555	558	562	563	560	566	568	566	565	565	566	546	565	546	547	684	685	660	682	682	683	548	549	577	529	543	538	539	537	554	553	551	540	551	539	538	546	544	535	532	533	544	545	544	545	550	538	538	537	533	540	541	655	548	539	620	547	543	542	621	545	626	618	626	619	619	619	627	629	627	629	628	629	630	621	621	620	615	622	621	672	668	670	671	617	614	723	680	796	726	783	783	793	795	800	797	805	804	797	801	803	782	782	783	736	475	476	475	474	519	520	522	519	515	728	739	734	735	734	736	
676	678	680	677	679	555	553	554	558	559	559	733	729	569	567	567	566	567	566	547	545	566	545	583	683	661	681	582	549	548	547	550	528	528	549	537	536	555	554	541	542	543	551	540	539	547	540	541	545	545	545	546	545	549	550	539	538	540	540	542	538	542	618	617	621	624	623	624	625	627	625	528	527	545	627	626	630	626	626	620	619	631	621	621	620	621	621	621	669	671	616	618	672	616	679	679	677	727	797	798	797	806	805	798	797	803	803	802	800	801	809	782	476	475	476	474	473	520	510	520	510	514	512	729	735	744	743	735	
678	681	682	554	555	554	554	558	557	560	560	689	732	730	568	732	733	567	566	546	548	544	544	544	582	583	680	584	671	579	547	548	531	527	548	541	557	552	542	551	542	552	551	552	540	542	540	644	645	546	548	547	548	550	540	538	539	542	541	539	537	538	539	617	621	543	623	625	625	624	546	546	544	545	628	629	624	522	627	627	554	620	625	626	619	620	626	670	670	625	616	615	617	612	680	678	795	794	795	796	706	804	805	806	805	802	803	804	804	806	808	810	475	479	476	474	513	509	509	509	515	734	735	738	737	742	736	744	
683	682	553	554	555	569	568	570	555	564	689	688	731	732	732	731	733	734	569	568	553	554	543	703	704	686	683	585	585	672	580	532	532	530	547	548	550	551	550	553	549	543	551	537	543	541	645	541	645	549	549	549	551	549	542	551	543	542	652	538	526	545	544	547	542	624	549	629	617	547	547	545	535	545	551	625	533	625	523	628	622	553	629	627	628	621	632	625	619	672	619	620	613	616	679	678	783	797	795	707	804	705	704	802	807	803	805	805	806	807	508	810	478	475	507	477	508	514	508	516	510	733	739	734	735	726	745	730	
685	684	683	685	686	569	570	569	571	690	689	694	692	731	692	732	732	568	569	554	555	554	728	671	728	729	671	586	586	581	532	532	531	531	547	538	552	551	552	550	536	552	536	537	542	643	642	646	649	549	550	550	554	555	550	542	544	529	543	544	539	525	546	543	541	542	548	628	618	616	538	534	535	536	550	532	549	550	549	623	626	552	628	630	630	631	626	625	619	618	620	619	679	540	677	784	785	785	786	805	706	705	705	700	803	805	806	805	806	786	811	507	477	711	514	514	516	515	511	517	508	509	508	733	734	732	746	729	
684	686	685	684	687	572	570	693	692	692	691	690	691	693	732	693	569	733	555	547	555	555	727	727	696	579	579	675	673	674	533	528	532	548	549	537	552	551	541	535	537	537	538	538	541	534	533	534	648	548	549	551	552	543	544	545	545	546	528	544	524	525	541	543	547	550	531	629	627	537	535	535	535	551	553	548	551	550	626	550	627	628	629	631	629	628	627	620	618	558	559	680	542	782	783	784	786	786	778	777	707	803	784	807	806	804	807	776	775	776	810	478	711	710	615	513	514	510	512	511	729	507	733	733	730	731	730	734	
670	670	671	683	696	695	571	692	691	693	693	692	694	732	715	694	694	570	681	550	546	547	726	728	695	580	578	675	674	675	541	534	533	533	538	553	552	540	536	536	536	538	538	539	540	531	530	535	543	548	550	551	545	553	554	547	546	549	543	545	525	530	526	530	548	548	532	530	537	536	537	534	533	552	532	536	553	627	551	467	551	630	630	466	633	628	628	632	630	559	681	544	781	681	785	787	785	785	785	778	783	783	804	785	705	807	514	513	514	513	777	811	709	712	616	513	514	511	511	510	514	508	509	734	734	734	733	737	
671	669	689	689	693	696	572	573	693	692	694	694	695	714	683	716	548	680	551	547	549	727	726	727	681	577	577	680	681	541	542	540	541	539	546	547	540	537	537	537	539	540	536	537	533	541	540	529	532	550	549	540	544	546	555	545	546	545	544	545	531	530	531	529	547	530	549	546	538	536	537	535	534	535	528	530	535	534	520	521	460	459	465	466	573	631	631	629	786	632	543	544	782	684	684	786	786	786	786	783	783	782	781	705	706	516	806	514	515	513	518	710	710	711	784	617	514	513	514	514	513	728	464	735	733	734	508	509	
672	670	688	690	694	692	693	691	574	693	695	689	678	678	713	549	681	547	546	683	683	546	728	682	578	682	681	681	582	583	584	544	541	540	542	545	544	537	536	534	540	536	543	538	531	532	542	528	549	551	543	539	544	543	544	545	542	545	545	547	529	549	546	530	548	531	544	550	530	538	537	536	537	526	522	521	522	533	522	522	460	466	466	573	467	467	466	787	787	785	786	681	685	684	683	780	781	789	788	783	784	783	783	707	779	519	515	807	781	514	716	711	783	783	820	618	718	514	515	515	518	515	729	736	735	735	736	512	
690	691	671	689	691	692	691	691	692	728	688	690	682	714	713	682	552	713	716	684	682	545	683	551	552	725	581	580	682	583	584	543	542	541	544	543	542	537	533	534	545	544	543	544	530	533	531	529	550	552	540	540	542	544	544	546	542	543	546	547	550	550	548	532	547	548	538	539	528	529	538	538	537	529	525	521	522	466	522	523	469	525	465	466	467	465	466	632	631	558	680	681	682	684	781	684	790	788	790	785	783	785	777	703	704	519	518	517	782	518	515	520	521	784	720	718	716	719	516	517	516	517	728	729	503	736	508	511	
688	689	690	690	692	693	692	692	693	693	682	681	691	692	714	714	551	551	553	715	546	681	683	552	551	701	700	581	581	681	544	544	542	543	530	531	542	535	536	549	550	536	544	545	545	535	534	535	540	527	528	544	542	546	536	537	541	542	531	540	551	549	548	531	550	549	550	551	538	529	531	528	530	526	524	522	466	465	525	465	524	470	474	474	468	467	469	632	557	534	532	534	681	779	782	782	781	789	790	785	786	778	776	778	780	707	519	782	715	716	519	522	716	717	719	484	717	717	518	718	516	517	730	729	730	504	730	508	
689	690	690	691	691	694	690	743	558	683	682	684	684	715	552	715	684	686	552	716	547	684	682	679	550	552	700	699	582	582	544	543	545	544	529	543	545	535	552	549	548	551	536	545	535	530	535	534	535	541	529	543	543	537	536	538	538	532	539	531	549	549	550	549	539	538	552	528	552	539	540	523	521	528	522	525	468	524	525	526	476	476	577	473	475	468	467	633	558	531	533	682	683	780	779	782	543	782	783	791	787	777	778	780	779	717	716	716	717	714	717	721	719	718	715	716	715	716	712	515	712	483	474	730	731	731	505	507	
693	688	695	691	688	689	693	721	684	683	683	683	690	691	690	692	686	685	549	556	557	683	684	545	552	553	700	555	706	544	543	544	708	546	533	542	546	546	553	554	547	537	537	536	546	534	531	527	528	542	540	538	539	540	644	648	539	648	649	532	550	550	537	546	527	553	527	527	529	531	523	523	529	520	527	524	523	524	526	527	528	476	576	475	474	533	467	466	559	559	530	531	534	785	786	787	786	787	781	544	781	780	782	779	786	782	781	714	718	492	782	720	720	482	719	717	716	717	622	711	712	475	482	482	732	730	732	733	
727	692	719	694	689	717	556	720	743	742	684	684	684	685	691	692	693	686	547	551	684	684	684	681	553	551	552	553	707	706	586	709	547	709	548	547	547	547	548	554	548	549	571	538	535	532	532	532	521	543	524	539	539	540	527	523	647	649	652	536	534	538	531	530	525	526	554	526	528	530	529	529	524	525	541	470	524	468	476	477	466	466	577	577	579	468	469	467	530	560	561	534	533	781	544	785	781	782	781	546	780	784	792	712	713	714	781	723	724	783	783	718	719	720	483	717	719	719	621	711	711	713	483	733	483	732	731	515	
693	693	693	720	691	557	557	557	719	720	743	685	685	726	686	688	689	548	548	553	553	553	686	685	554	555	553	555	705	707	586	585	541	540	541	548	549	542	577	578	555	548	548	547	548	533	532	531	520	521	527	526	540	539	527	526	527	650	536	535	537	539	528	528	527	527	527	528	486	527	528	543	544	529	469	542	543	476	475	476	467	471	480	480	481	531	532	470	500	687	688	536	550	782	686	543	548	547	545	783	782	791	783	715	713	603	722	712	490	491	492	718	716	482	722	718	718	718	712	622	710	478	484	735	734	481	515	514	
694	694	694	694	697	725	558	718	720	742	744	727	686	727	727	687	694	697	716	708	552	553	546	587	718	553	555	707	706	706	587	588	542	542	549	534	543	578	579	579	573	571	575	532	573	531	530	535	520	535	520	539	647	647	647	523	523	528	533	535	535	536	538	527	526	528	529	485	486	529	521	529	530	544	543	470	471	470	468	468	466	470	479	481	480	480	500	499	500	501	686	686	783	538	685	546	546	548	792	791	790	791	792	716	602	602	713	717	493	491	491	490	717	715	718	723	719	622	625	624	720	483	485	736	480	480	484	483	
727	730	727	728	696	697	718	717	719	743	744	728	727	726	562	688	562	698	716	715	554	715	554	545	717	558	557	558	559	549	550	652	533	532	584	544	544	580	577	580	572	550	574	572	530	531	532	521	534	519	521	648	651	646	524	534	524	534	536	534	536	534	535	539	524	525	482	484	487	522	520	530	543	545	522	521	521	469	467	477	478	472	480	480	479	503	499	499	501	602	603	784	602	683	684	549	545	547	791	548	790	791	601	600	603	716	712	480	493	492	709	722	720	492	719	720	724	720	623	719	721	478	484	484	483	484	483	484	
733	726	729	729	698	717	719	718	720	746	737	736	729	728	727	711	561	707	716	699	716	714	546	550	718	587	587	709	585	646	645	651	586	588	532	531	581	533	535	576	550	641	641	534	573	529	573	533	647	520	521	650	522	523	582	585	533	644	645	534	531	534	533	484	525	482	483	484	483	484	521	523	520	521	546	520	470	469	470	476	477	471	473	481	535	534	502	603	603	604	603	688	684	500	551	546	608	550	792	550	791	792	602	601	602	715	713	715	716	717	719	721	719	720	615	616	719	618	715	715	715	716	479	483	481	482	485	475	
741	727	730	742	727	724	737	738	747	745	735	734	723	722	729	562	710	708	696	699	700	714	715	547	549	588	708	724	586	549	650	653	553	535	532	532	532	534	580	551	644	642	643	640	535	531	530	520	576	577	576	575	577	585	584	583	534	646	544	528	550	534	548	484	483	487	486	487	524	520	523	524	519	545	527	520	469	469	477	477	476	470	471	535	538	536	504	501	501	502	688	689	687	552	609	609	609	610	611	607	792	793	602	601	603	715	718	717	717	718	718	721	720	614	616	720	621	718	626	714	624	623	598	599	482	483	510	510	
726	740	741	744	728	726	728	736	748	733	733	732	733	730	730	711	738	709	741	698	715	715	548	714	588	708	709	723	548	550	652	653	535	534	533	579	550	550	548	549	643	636	639	666	640	530	531	647	519	577	577	576	647	651	584	534	543	543	545	551	535	549	547	549	485	482	483	524	523	524	522	523	486	520	484	483	484	478	478	527	477	478	484	537	536	537	478	500	510	604	603	602	688	612	607	606	607	610	612	793	606	612	602	602	602	614	717	718	717	721	719	720	721	617	618	619	622	626	625	628	625	624	620	624	625	479	474	511	
742	740	743	745	727	729	737	738	721	734	732	728	729	731	728	740	739	740	738	715	717	714	715	589	709	725	724	725	549	551	654	650	533	650	534	535	580	549	549	550	639	640	638	639	665	531	532	520	520	520	573	574	648	649	652	544	540	539	528	552	544	550	548	552	486	548	484	484	485	523	523	523	521	522	486	485	529	531	526	479	536	535	483	484	537	481	477	480	509	604	604	604	689	690	611	610	608	611	612	609	611	609	608	603	613	718	718	718	719	718	718	719	720	619	611	617	623	626	627	626	629	630	625	625	623	624	474	475	
741	740	742	743	746	738	739	738	767	768	768	770	728	727	732	730	738	737	738	714	716	716	717	590	710	512	515	666	673	674	649	653	650	532	533	534	553	581	552	550	551	641	663	664	640	640	638	533	521	522	572	574	648	651	651	545	651	540	542	543	556	545	554	553	554	485	549	484	483	484	523	524	524	522	521	487	530	530	525	537	536	482	483	477	480	480	540	476	477	478	605	606	690	606	510	609	610	613	612	608	609	612	610	614	719	614	718	720	716	714	621	622	623	513	620	514	514	624	625	628	602	625	624	625	624	625	625	621	
742	738	737	747	747	741	752	751	755	768	767	768	726	728	733	727	728	739	739	740	715	717	718	589	590	591	516	514	672	670	560	559	560	651	535	555	535	549	551	675	664	664	665	666	665	641	642	646	648	651	652	649	649	649	650	650	542	543	655	656	556	555	551	563	552	550	488	484	482	524	485	525	525	523	532	535	540	527	526	493	483	484	481	482	479	539	499	500	501	478	606	691	605	605	607	610	611	607	606	613	608	607	612	613	614	612	612	717	714	715	622	623	513	515	512	513	625	623	619	709	603	601	621	626	621	479	480	481	
749	749	750	751	741	746	753	749	750	754	755	490	727	771	727	728	740	741	726	726	724	730	731	719	727	651	730	505	671	561	560	558	669	561	562	554	556	557	550	551	677	663	665	667	666	667	643	640	649	651	652	649	651	560	650	659	655	652	653	654	552	550	562	552	553	486	487	489	578	486	581	582	484	483	540	534	540	539	493	492	494	474	475	475	476	500	499	500	499	507	507	508	782	604	608	612	765	607	611	612	611	603	606	615	614	611	615	713	714	620	631	514	621	514	515	626	624	626	624	710	603	602	728	620	622	623	478	481	
750	751	740	741	740	752	745	753	753	768	491	489	490	728	770	731	731	742	707	725	727	725	731	732	728	729	506	504	661	669	672	559	560	668	560	670	553	557	558	676	675	666	667	665	642	644	669	672	639	651	650	650	559	651	658	656	556	551	655	564	551	551	552	549	487	653	654	488	487	487	578	579	583	483	481	539	535	540	495	474	473	474	494	476	480	770	769	500	770	771	508	509	781	609	615	615	615	610	611	610	616	612	615	614	601	615	614	715	619	630	631	630	626	515	624	625	627	713	712	522	603	727	524	728	627	479	622	623	
739	738	752	749	751	752	752	489	754	492	489	490	729	491	773	732	733	729	706	726	723	726	725	522	732	733	732	668	505	668	666	671	560	671	669	551	554	556	677	559	671	676	664	666	643	670	670	671	674	652	652	651	558	560	659	558	650	555	552	563	649	549	548	489	654	653	487	487	488	581	578	577	579	775	484	543	541	494	496	475	492	476	475	489	477	472	768	769	770	507	773	769	510	766	610	614	615	612	611	615	617	615	613	615	609	600	613	615	612	618	629	621	622	625	624	625	723	713	713	712	604	522	523	595	729	626	627	626	
756	739	754	750	751	754	490	490	755	488	488	490	777	488	730	772	733	733	726	730	520	724	521	733	731	732	733	668	667	669	670	667	668	554	670	552	555	553	554	694	695	663	667	489	488	489	557	558	659	660	660	559	558	561	557	653	558	559	560	560	550	648	549	550	488	655	486	489	582	579	486	578	774	776	776	496	495	542	495	476	491	494	490	476	480	771	473	544	767	766	772	768	769	616	615	769	615	617	618	619	616	615	616	609	615	614	601	614	614	628	628	627	623	611	609	722	611	724	524	712	519	627	596	597	625	626	626	626	
738	740	740	482	754	754	753	489	485	486	489	486	768	779	739	742	732	732	731	732	725	519	520	732	730	733	670	669	670	669	670	671	667	667	673	674	670	671	554	696	663	696	664	490	491	562	562	556	660	659	660	651	559	559	558	557	558	653	550	548	561	549	550	550	656	487	485	485	486	584	579	579	776	775	778	543	496	491	773	491	492	493	495	493	776	770	776	474	772	771	780	776	774	781	615	614	614	664	772	619	615	614	608	614	608	614	613	614	628	626	620	633	624	610	621	630	629	612	725	625	600	600	601	602	597	627	625	627	
741	739	761	741	758	753	755	756	484	486	490	487	767	738	740	741	733	734	735	734	726	727	518	731	518	731	518	519	670	669	670	668	668	668	672	674	523	672	670	669	670	488	487	486	487	560	561	657	557	661	654	566	652	558	558	556	556	556	549	549	552	562	563	655	657	486	487	585	583	490	580	775	774	777	779	497	770	491	490	491	490	496	494	493	492	775	777	775	770	781	782	775	780	616	614	615	618	663	619	618	770	614	571	607	616	614	614	614	627	621	625	628	619	620	725	726	520	519	613	599	599	600	602	600	596	626	628	629	
740	746	760	759	754	482	507	751	486	485	491	489	768	739	741	745	735	747	736	668	522	728	522	518	668	519	535	537	670	671	666	669	670	671	526	527	524	671	652	668	669	670	663	664	487	562	563	564	659	553	653	567	565	559	558	559	555	556	561	553	550	553	560	658	490	488	487	493	584	773	776	775	776	776	778	778	492	491	494	493	659	658	495	777	776	776	776	777	776	774	776	616	615	779	776	615	664	617	616	619	614	617	572	573	617	617	615	616	666	626	627	628	629	610	621	727	520	523	600	605	603	603	601	602	627	627	627	629	
747	762	761	508	508	508	481	752	495	495	498	492	491	767	746	744	748	746	669	523	521	668	521	669	480	480	479	538	524	520	670	521	670	672	670	525	523	657	651	652	652	670	671	676	671	674	675	558	671	555	568	551	547	566	590	589	558	556	562	565	552	806	561	559	488	494	492	488	774	775	774	775	775	776	779	776	773	772	494	538	659	657	496	496	777	777	777	778	546	773	771	615	616	616	780	618	665	617	618	615	613	572	573	572	618	618	573	573	629	628	628	620	619	630	631	522	520	605	604	603	602	601	605	604	598	596	597	598	
750	748	508	507	507	509	756	493	494	496	745	497	499	750	746	745	735	737	670	752	521	520	670	483	479	479	478	539	538	519	535	671	671	669	524	524	522	652	650	653	667	658	667	670	675	670	557	672	554	550	550	562	548	591	590	547	561	497	564	553	554	553	804	805	489	781	495	773	489	776	776	775	776	776	776	775	782	777	778	539	540	540	497	497	493	778	661	547	772	774	770	772	570	614	614	617	619	617	561	562	573	572	571	541	619	539	572	539	635	634	621	621	611	610	612	628	521	603	604	603	612	612	602	600	601	597	597	596	
749	741	508	741	506	507	497	494	494	770	770	744	745	750	749	750	746	669	736	522	751	671	484	484	534	479	480	481	518	521	522	669	670	670	523	524	653	653	653	668	668	657	666	667	676	671	672	673	556	549	549	549	549	591	546	551	552	496	493	555	659	554	806	558	802	781	780	780	781	782	776	777	780	779	778	775	783	779	777	776	540	541	542	543	779	660	548	776	773	771	771	776	573	569	618	559	559	557	562	575	576	577	614	541	540	540	573	636	633	621	620	622	611	611	618	613	604	604	614	604	611	612	609	601	600	598	607	598	
743	744	497	498	507	491	757	758	495	769	495	496	741	742	748	493	741	742	668	667	752	750	483	535	665	533	479	485	520	521	489	490	487	490	522	525	653	652	609	609	670	667	664	668	661	660	663	668	669	557	551	550	563	592	552	551	599	492	495	661	556	807	559	560	803	804	805	782	781	776	775	777	780	777	776	784	774	773	775	543	541	783	776	778	661	780	781	774	780	772	773	774	775	572	573	559	558	778	616	617	574	545	666	541	542	540	572	636	632	621	623	621	607	610	618	614	618	623	612	611	620	610	604	608	607	606	599	600	
742	743	744	496	484	758	759	759	500	499	741	742	497	744	749	497	494	760	760	744	745	751	483	482	479	480	534	483	484	485	486	489	496	488	523	523	526	654	655	500	668	658	666	667	661	662	663	558	558	559	551	552	564	553	552	551	598	493	804	494	494	493	496	497	560	561	782	782	783	784	776	778	781	778	777	776	774	775	774	658	542	777	782	662	781	660	661	782	781	784	785	772	773	776	777	574	777	570	571	572	575	576	544	543	574	573	574	635	622	578	634	631	634	609	619	618	617	613	622	623	612	618	616	608	607	607	607	607	
741	765	766	742	497	483	507	495	498	497	498	742	745	740	750	496	760	759	762	763	745	485	674	673	480	481	683	682	483	485	484	485	524	495	524	498	498	527	499	656	665	664	663	667	663	665	664	559	560	560	553	550	552	599	598	491	490	492	497	803	804	495	494	783	807	783	783	781	784	658	781	782	779	780	779	661	660	660	776	659	659	784	777	778	774	774	773	783	782	783	774	775	776	607	775	776	569	607	573	571	570	579	543	579	577	576	614	576	634	635	672	632	632	617	609	618	619	623	618	623	621	615	617	612	610	606	608	608	
742	485	764	765	743	745	496	497	498	499	498	494	743	743	495	496	760	758	760	763	753	757	484	676	672	481	684	683	674	685	484	485	487	523	525	497	495	496	498	604	605	506	665	506	665	666	661	659	662	780	569	568	594	595	660	659	485	497	496	496	577	578	494	804	782	784	782	658	659	781	780	780	779	780	780	658	661	665	660	660	658	783	782	782	773	774	775	784	783	781	775	777	778	626	606	605	608	570	573	572	576	576	578	544	577	673	577	671	670	673	579	673	605	633	634	610	619	619	619	622	620	618	621	611	608	609	611	609	
486	765	760	508	507	744	508	506	497	500	501	499	495	497	500	494	495	768	769	762	753	758	753	675	673	673	685	685	673	675	483	486	493	524	613	612	496	494	499	603	604	666	507	507	668	666	667	660	661	661	569	566	567	595	659	661	486	487	495	576	496	578	803	783	783	804	809	660	782	781	781	782	780	781	668	781	659	657	664	665	655	785	783	774	772	774	775	783	782	783	625	601	779	627	627	609	571	573	574	577	576	579	776	777	608	632	670	669	671	672	674	674	606	606	607	604	604	620	621	620	620	620	622	613	610	611	615	612	
764	761	489	489	490	508	745	496	507	494	497	491	496	497	499	772	493	770	763	751	750	754	676	674	674	686	671	684	668	674	487	494	525	486	497	613	495	495	500	501	604	605	606	663	667	510	509	661	661	781	780	568	569	660	661	660	488	497	488	497	581	581	803	784	804	664	805	806	659	663	794	781	787	783	667	667	668	666	663	660	654	784	661	665	782	773	773	772	782	775	781	780	779	780	610	610	780	666	776	575	774	775	578	630	542	544	631	673	608	672	669	602	607	607	607	604	605	603	585	622	621	612	610	611	611	611	614	611	
765	762	763	490	490	505	506	485	495	496	495	497	497	498	498	499	771	771	771	750	751	750	752	675	675	671	670	669	685	493	494	493	487	487	486	496	496	498	497	605	502	666	482	483	664	668	506	507	662	663	565	565	562	563	566	493	661	489	496	580	580	582	583	502	503	665	663	663	662	661	793	794	782	786	784	665	666	664	664	665	666	655	782	781	774	663	773	774	773	776	773	781	780	781	629	779	667	780	776	775	775	629	679	612	543	543	545	607	674	673	670	601	603	606	605	604	605	610	611	584	623	613	611	612	612	615	613	615	
766	763	768	505	504	505	484	507	486	496	496	493	496	499	501	503	770	488	772	754	750	750	758	755	679	678	673	675	668	495	493	493	493	488	488	497	483	487	496	500	489	488	484	665	665	507	506	507	780	663	564	781	562	482	495	494	495	492	498	499	579	581	503	502	808	666	803	664	665	799	793	783	791	792	793	664	664	665	664	665	782	657	656	663	782	776	775	772	775	778	772	773	781	630	779	780	781	779	781	776	777	628	609	613	613	602	674	673	606	605	605	604	606	606	604	612	611	609	614	610	585	584	585	586	613	615	613	614	
504	765	506	506	764	506	508	506	498	497	496	495	507	506	504	761	487	488	763	749	749	759	754	757	757	675	674	670	669	686	493	492	489	489	498	484	487	486	501	501	487	564	564	485	507	507	508	781	781	780	779	780	483	484	782	494	496	484	669	670	580	571	493	557	689	559	658	665	798	797	798	792	793	569	665	665	665	667	666	665	658	781	657	789	778	781	777	773	771	773	773	774	628	778	778	778	779	780	666	782	667	666	629	608	628	612	609	604	607	604	605	606	608	607	605	611	608	613	613	582	623	611	610	609	614	616	614	614	
505	506	764	765	751	755	507	499	488	499	498	491	497	490	491	762	488	489	767	451	766	767	758	758	681	680	676	677	692	494	685	685	482	483	490	484	489	502	495	495	495	565	632	507	506	507	508	509	781	781	781	782	783	782	781	497	666	670	670	670	572	485	485	492	558	797	659	659	666	797	798	797	570	569	568	567	666	565	663	782	783	659	782	788	789	776	776	776	772	774	631	630	629	777	779	780	780	667	668	664	668	667	612	611	612	608	602	613	608	606	607	604	606	606	611	612	607	614	605	587	589	611	612	611	611	612	613	615	
507	506	762	766	767	484	754	482	487	491	489	492	489	506	505	506	447	454	450	766	766	767	756	759	504	683	681	679	678	691	495	686	485	484	485	687	485	490	491	494	493	494	631	562	631	488	510	780	782	782	783	488	489	783	489	780	667	668	669	671	671	483	484	810	811	491	798	799	660	798	798	798	797	566	564	564	564	566	664	665	786	660	783	772	789	775	777	779	777	774	780	779	773	780	780	781	667	666	668	613	612	606	611	613	611	607	612	609	609	604	605	605	605	610	609	610	611	606	589	588	588	785	612	576	576	613	614	783	
763	765	507	752	682	486	483	486	488	492	490	490	484	493	683	493	507	451	453	454	768	764	765	757	506	682	684	680	682	685	496	499	498	500	688	486	686	490	489	492	684	685	684	630	632	489	781	511	781	488	783	489	490	488	487	488	632	668	667	670	636	485	485	494	809	799	798	493	798	799	795	795	563	565	565	565	572	781	782	785	786	784	784	773	771	778	779	780	774	773	772	780	779	631	781	779	777	801	665	611	607	671	607	619	608	618	619	607	608	610	605	726	609	610	612	721	612	607	587	589	784	589	577	575	576	790	782	784	
509	485	750	751	753	485	487	484	484	484	490	485	460	485	682	492	494	767	450	451	442	766	765	758	457	508	707	681	686	685	684	500	501	499	486	685	686	639	685	684	682	685	631	632	495	567	570	513	496	782	783	498	786	487	488	633	633	633	671	671	637	643	495	496	493	797	494	494	494	799	796	796	562	560	570	570	566	571	574	573	785	786	785	776	772	570	781	778	781	780	774	778	779	666	777	778	779	669	670	669	612	672	614	612	617	617	618	609	608	607	606	611	727	611	617	722	721	783	589	783	590	785	786	578	579	791	785	784	
508	487	487	684	484	681	484	485	483	491	489	491	457	458	494	681	451	467	505	467	767	766	467	456	458	706	511	510	686	687	502	685	499	498	498	500	683	638	639	683	685	684	632	633	570	569	570	513	495	498	497	785	785	488	489	674	634	669	668	639	645	642	643	814	810	809	808	809	796	798	797	795	571	567	573	567	571	570	572	786	785	568	787	787	773	775	774	775	779	773	775	776	770	773	661	668	667	780	667	670	670	612	613	613	616	619	619	609	608	610	615	614	615	616	796	616	723	722	590	591	592	578	577	578	794	793	790	793	
471	470	486	508	513	680	680	487	486	464	465	502	494	494	493	502	451	452	466	506	464	445	466	459	704	459	511	491	490	491	686	686	684	495	499	500	641	640	637	637	636	494	496	494	495	498	571	514	496	494	499	784	783	786	637	635	673	633	642	635	813	814	816	813	816	593	809	590	798	588	572	798	796	572	571	573	570	576	812	813	567	568	771	788	774	773	776	776	776	779	782	783	784	772	773	662	806	804	805	671	793	794	614	613	615	618	617	618	611	610	611	615	617	617	613	614	615	579	592	579	579	593	577	576	577	793	792	791	
471	471	472	512	511	679	680	471	495	485	491	501	503	493	501	504	502	504	507	445	444	444	460	461	460	455	454	491	490	501	490	494	502	501	502	501	502	491	497	496	685	494	493	495	495	496	499	488	501	493	785	784	784	493	676	636	674	669	634	635	812	813	640	815	814	810	592	591	589	589	570	571	572	591	572	574	575	811	568	566	568	569	771	770	772	773	777	775	780	781	781	782	775	776	775	806	805	775	807	794	672	617	597	596	616	799	800	798	611	609	581	616	618	608	612	578	577	577	578	578	782	579	579	579	577	791	577	578	
471	471	472	471	511	512	469	470	494	494	486	487	501	500	505	502	503	504	505	506	443	509	457	459	460	461	462	492	492	491	490	497	492	503	503	502	495	491	493	498	684	494	495	494	492	498	493	495	501	500	502	785	492	496	635	675	644	671	668	646	636	814	641	642	815	592	591	590	591	645	646	571	572	590	573	576	812	576	568	567	564	569	569	569	811	810	776	778	781	782	783	774	775	776	775	785	784	779	778	617	618	617	617	594	597	574	799	574	610	572	582	578	579	580	579	579	578	579	577	783	783	580	578	578	792	578	792	573	
470	472	472	512	681	513	468	471	501	502	501	688	501	502	501	504	503	506	506	507	508	453	453	454	460	455	704	456	454	457	491	493	491	492	506	505	496	494	494	499	685	492	490	495	491	492	494	496	698	503	501	493	494	497	496	671	670	644	645	675	637	815	815	642	816	815	817	643	590	589	584	583	589	591	592	574	573	573	702	565	570	567	568	774	791	792	811	779	779	782	782	778	784	785	786	787	786	779	618	618	618	602	618	598	597	799	573	574	576	577	583	580	802	801	578	578	578	578	580	578	579	579	579	793	793	690	574	575	
468	471	513	471	499	500	502	501	500	502	502	502	689	500	499	498	505	504	507	450	453	452	451	461	456	705	706	705	504	456	494	493	497	493	494	506	504	495	496	497	687	485	493	486	487	495	492	495	496	697	491	491	496	495	494	673	645	645	645	646	676	677	676	814	815	646	816	644	586	585	585	584	590	574	593	575	572	598	701	700	566	788	787	773	789	791	792	812	780	781	777	785	780	818	775	787	787	780	780	601	779	598	601	598	622	574	575	579	577	801	575	801	800	578	579	577	579	807	579	579	580	575	580	583	691	691	690	579	
467	679	680	681	472	501	503	500	500	503	689	690	688	689	501	501	502	506	508	451	450	454	456	459	458	457	454	504	503	457	458	496	498	493	492	493	634	495	485	496	485	484	485	486	487	496	493	497	497	696	787	492	789	495	674	648	649	646	646	677	675	674	815	816	817	816	645	817	586	588	585	592	599	602	573	593	818	597	701	702	787	786	788	813	814	793	792	776	815	816	817	781	820	819	818	778	791	790	781	781	600	599	622	621	622	623	578	577	576	572	800	801	577	578	578	580	581	580	806	581	580	576	581	582	692	694	579	574	
468	468	680	679	680	681	502	499	501	500	495	495	690	501	501	500	503	503	507	453	452	455	688	687	459	455	458	505	504	503	504	501	494	493	492	635	490	494	496	486	487	488	493	494	495	496	497	499	498	499	788	788	496	501	500	499	647	648	649	674	673	676	676	815	595	647	646	587	818	589	588	586	601	602	603	574	819	595	817	816	703	788	787	789	815	816	794	777	816	816	817	820	782	783	818	819	777	792	787	788	592	601	623	601	623	623	602	577	577	573	573	800	575	580	579	578	808	807	808	776	775	775	577	581	694	693	578	578	
