722	723	710	710	709	720	720	718	720	726	727	721	720	712	711	711	719	719	720	707	705	706	716	703	706	714	713	715	714	712	716	711	716	709	703	704	705	707	708	709	708	702	703	708	709	676	718	722	723	721	666	720	720	674	675	606	605	675	671	675	671	671	604	604	603	605	602	602	600	601	604	603	600	599	598	600	602	601	604	605	703	856	859	867	861	859	871	870	876	877	868	565	567	569	577	576	577	576	576	577	578	584	576	587	586	585	590	591	590	588	587	597	588	592	593	592	595	590	590	589	588	592	593	593	601	777	777	778	
723	721	723	709	708	721	719	726	719	707	725	709	710	721	719	713	720	716	718	707	705	715	717	715	705	705	707	715	714	713	713	715	712	708	700	700	701	704	710	710	706	707	704	709	718	717	722	723	722	722	669	667	719	676	673	585	588	606	671	670	671	673	672	603	601	604	603	601	601	605	599	600	604	686	600	597	602	580	580	580	575	704	867	862	860	868	869	868	875	869	868	564	565	568	568	578	579	578	575	585	576	574	575	587	588	576	592	590	589	587	589	590	589	596	592	594	597	595	589	590	590	599	593	600	600	602	778	778	
722	719	722	723	710	720	710	720	725	726	708	710	711	722	716	718	713	718	717	706	707	716	714	716	707	706	706	720	715	714	714	712	716	710	716	710	705	704	704	711	705	707	708	706	720	719	721	722	721	677	678	586	720	674	673	587	589	671	670	668	669	670	673	673	605	600	602	605	604	606	606	686	685	605	599	598	705	600	579	578	573	574	866	859	865	870	867	861	868	868	868	566	577	567	579	578	576	575	584	583	578	575	588	589	585	584	583	586	593	592	591	590	596	595	593	593	596	590	591	591	598	597	598	747	601	602	744	779	
723	718	718	723	713	709	725	728	725	709	710	723	723	692	719	717	714	718	713	707	707	708	715	711	715	715	707	721	709	715	716	697	713	715	717	703	709	707	704	705	706	707	719	718	719	676	675	721	678	678	585	676	675	682	675	588	672	670	671	670	667	668	669	674	600	601	600	601	606	603	605	605	606	607	599	609	704	601	708	580	575	578	575	864	865	862	862	863	870	869	870	871	871	871	580	577	575	577	584	579	579	586	589	589	585	586	584	594	588	593	593	597	591	594	594	599	741	597	590	599	742	599	599	602	748	746	743	744	
725	717	723	719	708	714	723	728	727	723	710	722	724	691	693	715	714	715	719	717	708	709	716	716	710	711	716	714	713	716	700	698	698	716	704	705	704	706	708	703	720	707	710	720	718	717	718	676	677	721	679	674	681	676	587	593	592	671	671	671	670	586	587	601	602	600	604	603	602	607	604	605	600	600	608	709	703	705	707	577	579	575	576	861	866	863	571	863	585	870	871	871	870	574	575	576	580	576	578	575	580	585	584	590	584	583	587	588	581	582	583	592	597	598	600	597	598	599	601	743	600	744	602	601	745	747	748	779	
724	725	715	709	713	724	709	728	711	710	711	706	731	730	708	710	710	708	718	706	708	716	710	709	716	715	715	715	714	712	700	699	697	698	700	705	705	707	712	709	704	711	709	719	719	718	713	678	714	678	722	591	592	682	592	594	677	592	593	678	672	587	590	588	590	589	604	604	695	605	608	704	606	704	699	704	708	710	578	576	577	578	863	861	860	572	864	571	582	583	584	871	575	576	576	581	577	579	582	577	584	583	584	583	583	581	584	582	582	580	581	597	598	591	592	598	599	600	593	600	601	601	601	598	602	749	778	746	
726	723	723	711	710	711	712	725	726	708	706	705	732	697	731	732	709	709	707	708	707	715	727	711	710	709	714	713	715	718	705	706	704	705	699	711	707	713	710	705	705	712	712	718	717	718	677	712	679	677	678	591	591	680	591	593	676	676	594	595	671	674	589	589	590	605	605	696	694	704	696	605	699	607	697	698	710	709	707	576	578	709	865	862	867	866	585	583	872	872	584	872	576	578	577	578	580	579	576	578	582	585	583	582	584	594	582	573	593	573	573	582	574	599	599	592	593	594	594	594	600	782	600	601	778	777	746	747	
724	724	722	724	715	710	725	726	708	707	709	706	733	698	695	700	733	710	711	708	709	688	712	713	712	715	714	707	708	717	715	705	707	700	710	708	712	706	717	716	711	712	719	708	712	710	713	713	715	582	679	592	590	591	592	676	675	591	594	592	673	589	588	590	593	590	606	587	706	706	705	698	697	698	705	711	711	712	706	577	710	866	580	866	863	869	584	869	870	587	588	579	577	578	579	581	582	577	585	581	582	583	582	585	583	582	585	594	584	572	571	570	593	575	600	594	574	599	598	747	783	601	602	601	748	778	782	747	
724	726	720	716	714	710	709	709	708	709	708	709	710	694	708	713	734	713	711	712	709	713	687	688	689	715	712	711	706	716	716	706	705	709	707	702	703	705	716	717	712	713	720	709	709	710	711	714	582	580	593	676	591	591	677	678	592	592	593	676	674	594	594	593	592	594	604	601	588	705	699	696	696	697	706	710	709	696	698	710	708	701	702	582	580	865	868	862	865	590	864	578	579	579	578	579	579	584	583	584	584	587	584	582	579	584	585	582	583	755	754	594	576	572	595	757	575	573	597	601	602	773	770	603	604	781	748	782	
726	725	721	713	714	713	714	717	719	718	708	710	709	710	710	710	712	713	713	714	712	710	688	690	690	717	716	715	717	714	715	708	709	708	703	703	704	714	704	711	712	705	704	708	711	710	672	673	583	581	672	593	677	678	678	680	673	675	675	673	674	675	595	593	598	607	608	602	589	590	706	700	695	697	697	606	695	696	697	707	709	866	581	579	581	864	865	869	868	863	867	579	578	577	578	580	588	584	585	585	586	587	597	582	581	582	583	584	585	571	756	755	755	577	769	756	754	574	774	773	772	774	772	605	774	781	780	781	
730	727	728	715	712	692	692	716	717	705	709	709	709	711	709	711	711	712	713	728	715	697	725	689	689	715	716	716	716	716	715	706	710	604	702	704	702	703	704	712	704	703	740	714	712	673	711	673	674	673	592	673	678	677	680	679	681	674	676	674	675	676	592	591	606	599	610	596	600	599	699	707	696	606	607	609	607	704	700	708	866	862	866	865	866	863	865	867	863	862	868	579	578	590	590	579	588	587	588	585	587	587	596	596	582	581	574	584	572	570	754	756	578	574	757	768	768	775	570	571	773	773	775	773	775	781	782	781	
729	714	729	729	730	692	717	693	703	704	704	704	710	710	710	712	710	714	715	726	727	724	714	699	713	716	716	715	715	716	707	708	711	704	608	607	703	704	704	739	717	718	705	704	712	711	714	581	674	704	671	674	674	674	678	680	681	674	677	673	674	629	677	607	600	601	595	609	612	708	706	698	607	608	703	607	608	609	703	703	867	867	861	865	864	865	864	865	864	863	593	593	867	576	577	594	594	592	586	587	582	594	595	581	581	583	593	588	586	756	755	755	757	758	768	767	769	768	569	771	774	774	776	774	776	775	776	778	
715	713	715	692	691	701	700	704	705	704	703	711	703	707	711	711	727	716	612	613	700	714	713	713	714	715	714	714	715	714	708	608	609	712	608	609	705	707	717	740	718	731	706	707	674	706	582	583	725	703	703	703	670	677	676	679	681	680	679	678	630	629	630	678	608	609	594	608	607	706	705	706	702	700	700	699	700	609	704	864	871	862	863	862	866	582	866	867	865	864	592	595	594	595	590	578	593	594	587	588	589	581	580	580	583	583	589	588	587	588	591	752	756	758	753	758	767	773	772	570	772	775	771	772	775	776	777	777	
715	714	715	737	693	694	702	707	705	701	705	617	706	704	706	728	729	726	727	701	719	719	720	720	716	717	717	717	716	715	715	716	609	611	736	737	608	610	610	737	739	731	732	709	705	704	705	584	724	706	702	707	672	669	680	682	676	681	675	676	677	627	629	627	679	678	595	599	598	608	609	707	705	701	704	701	610	701	863	861	872	870	857	858	859	867	583	867	868	867	865	594	597	595	596	578	594	590	579	588	576	581	584	581	584	582	592	760	589	590	589	751	752	758	759	760	774	768	769	773	571	774	772	772	775	774	778	778	
735	733	736	694	711	694	703	706	700	707	706	702	610	705	610	611	727	718	728	720	718	728	714	714	719	689	718	726	715	716	717	610	717	610	717	735	609	609	703	704	730	734	728	730	731	732	704	728	730	706	705	706	670	669	670	670	678	677	684	676	678	629	628	628	682	596	679	681	600	599	706	707	704	702	702	701	702	862	862	860	865	859	858	856	859	868	582	869	861	862	866	596	597	595	595	581	580	599	582	580	581	583	584	583	585	575	591	590	761	772	752	590	767	757	760	757	758	770	769	774	777	773	776	776	775	777	779	780	
736	737	734	708	708	704	704	704	705	705	705	703	616	613	614	698	612	729	730	719	727	715	717	715	716	690	727	716	725	613	727	728	608	611	611	612	610	611	612	702	703	727	733	705	704	703	579	730	729	576	707	714	706	668	677	678	679	683	684	677	681	629	630	632	633	681	682	680	597	707	601	705	705	704	705	704	705	863	862	861	865	862	857	860	859	858	859	870	868	593	597	591	586	594	599	598	599	598	581	581	581	583	584	584	574	575	582	584	761	773	774	773	765	757	756	759	767	776	771	776	750	750	763	776	763	760	761	762	
735	737	696	709	709	709	704	703	704	704	618	704	617	615	720	615	732	731	730	731	739	740	711	718	717	714	728	726	725	726	727	611	612	609	610	611	612	700	701	707	728	708	707	706	731	732	580	731	730	730	577	713	713	709	699	630	684	701	683	682	631	630	631	632	633	632	633	598	595	700	599	600	599	703	700	701	844	863	860	861	862	858	861	862	611	860	859	603	865	601	592	585	584	595	599	585	597	583	584	585	600	582	583	582	587	575	583	762	589	773	774	772	772	756	757	763	760	766	775	774	775	749	777	762	764	762	762	759	
740	697	710	697	696	703	703	705	705	714	713	705	619	620	721	699	732	699	732	720	712	713	718	719	720	612	613	726	727	728	728	616	616	712	713	613	612	711	712	592	706	708	707	705	733	734	581	582	575	574	575	714	708	702	630	629	679	684	685	701	708	628	632	633	631	632	634	597	628	598	699	614	704	600	702	701	702	843	860	859	862	862	861	862	610	864	604	604	571	867	586	603	606	581	596	584	590	590	591	603	602	601	602	582	840	840	841	575	571	772	773	773	763	761	762	759	770	771	772	776	750	778	750	763	765	761	760	762	
710	741	698	705	696	702	716	717	715	616	618	619	715	716	621	733	698	733	721	713	739	719	712	721	721	715	611	715	716	612	730	729	615	712	597	716	715	707	713	593	621	622	707	708	583	630	732	582	694	695	584	715	712	702	714	629	685	703	710	709	707	708	631	630	632	632	635	627	701	702	703	614	594	702	842	843	842	836	839	840	863	847	861	862	614	614	847	605	605	590	590	588	605	597	595	593	588	589	584	601	597	598	589	588	591	573	574	573	588	587	586	774	762	766	769	770	769	772	765	753	631	631	632	764	764	761	762	761	
740	698	697	698	704	703	717	618	617	617	615	616	716	614	612	700	699	734	700	740	743	740	741	717	719	612	714	610	611	612	615	614	598	596	601	618	614	615	734	735	623	621	709	709	584	629	630	733	582	585	585	583	584	629	630	630	702	686	711	708	709	706	707	629	629	631	632	590	615	607	608	704	595	596	594	841	848	843	846	841	842	846	613	612	613	614	598	846	847	868	589	591	589	606	592	587	588	590	590	844	589	588	589	590	839	600	572	606	589	587	777	587	767	602	773	772	771	770	628	763	630	631	632	783	770	770	763	764	
697	699	699	696	698	699	718	716	718	724	618	619	715	613	614	615	700	613	701	702	741	742	718	717	613	612	613	611	611	719	718	622	623	625	602	603	617	735	591	594	620	710	581	593	630	712	713	694	581	583	584	629	585	586	631	631	703	702	678	709	708	710	708	592	592	628	630	589	606	614	615	613	597	597	842	849	847	845	844	841	585	700	704	614	703	582	847	846	848	848	601	600	600	589	588	590	588	589	591	840	841	590	590	602	601	840	605	606	607	778	587	594	605	603	602	604	773	601	627	631	780	784	627	782	785	786	763	764	
709	710	697	708	705	699	719	720	718	723	619	716	716	704	715	716	703	720	719	742	716	717	721	719	719	723	610	719	718	612	622	621	621	587	588	599	618	617	617	619	593	592	583	592	594	631	711	693	623	693	578	585	629	586	627	627	704	703	703	709	592	709	591	591	591	631	587	589	613	589	615	601	602	601	850	843	847	845	845	844	585	703	702	703	583	615	614	846	574	575	574	601	591	588	587	589	591	590	844	835	839	839	584	602	594	608	607	608	598	589	766	593	604	604	598	603	602	602	626	627	632	629	626	764	793	784	784	786	
697	698	707	704	709	721	720	713	719	620	724	717	723	724	725	726	702	703	719	717	721	720	720	720	717	716	722	600	613	616	602	617	620	623	586	599	626	618	618	590	620	593	591	593	712	713	584	585	623	622	623	630	587	588	628	705	704	679	710	591	591	591	592	590	595	590	588	588	588	609	615	614	600	603	604	848	847	848	852	843	844	845	583	578	584	842	843	847	847	573	577	578	602	592	575	590	589	576	845	598	838	839	585	585	585	609	606	597	605	765	591	592	768	605	597	598	599	600	628	627	633	629	629	630	792	785	786	785	
717	718	713	705	703	721	714	720	707	617	721	618	724	726	727	704	703	704	718	722	719	720	716	718	715	716	601	723	599	601	622	616	617	624	600	624	626	627	587	591	581	582	586	584	585	584	583	619	624	625	627	628	627	589	633	611	679	678	609	711	590	589	590	594	591	595	591	589	588	616	608	616	602	602	603	605	849	848	851	845	846	584	585	577	841	585	841	585	571	848	572	576	576	574	574	590	574	575	838	839	839	840	585	584	585	594	598	598	764	769	768	767	768	611	610	598	602	621	629	634	628	628	630	793	626	791	788	786	
716	719	716	718	703	723	706	715	716	706	616	617	725	718	724	725	714	624	723	720	721	720	719	720	717	717	613	600	601	600	623	618	625	616	617	586	586	628	586	592	592	584	585	585	586	584	581	584	625	625	628	628	629	633	632	610	611	610	677	593	678	591	592	592	594	593	594	590	604	603	609	705	601	606	854	855	855	857	858	858	853	854	588	590	841	842	585	584	585	573	838	576	575	571	572	591	835	839	837	839	602	601	585	586	597	595	599	839	840	770	768	611	612	600	770	603	610	579	583	581	631	629	765	794	780	779	783	787	
698	715	719	717	704	705	722	716	716	717	616	617	618	719	726	713	714	724	624	625	623	722	718	719	719	717	614	580	614	615	616	625	624	617	588	586	587	587	588	593	584	583	583	587	583	582	582	625	628	590	624	625	630	633	617	609	609	610	593	681	592	591	596	593	594	590	592	603	605	709	708	709	604	605	839	838	856	854	856	854	857	587	589	590	842	840	572	841	585	839	578	839	577	574	572	608	607	834	838	840	838	839	600	598	587	600	600	610	771	772	610	610	770	769	748	609	611	582	582	629	630	780	766	751	750	749	782	782	
719	718	716	722	706	705	721	724	722	617	708	720	723	723	727	714	712	731	725	624	624	721	720	719	718	615	578	579	615	615	600	714	623	623	618	587	586	587	587	586	585	583	598	586	582	582	626	624	628	627	629	628	634	620	619	618	591	591	592	593	593	593	592	595	591	605	604	598	604	601	709	605	705	606	839	837	834	835	857	857	855	856	591	577	840	841	843	839	574	838	838	574	573	573	609	610	835	837	835	839	844	843	605	588	608	587	611	845	581	608	587	609	770	747	770	583	610	581	748	747	632	779	750	751	748	783	750	781	
706	706	706	720	720	722	709	709	725	722	725	727	727	722	728	712	727	713	625	625	625	722	720	709	719	720	719	580	622	603	715	601	713	590	709	605	709	588	601	587	582	599	584	597	584	580	627	627	626	627	630	632	691	690	619	620	627	629	627	593	594	604	591	595	596	601	601	595	603	708	709	708	684	706	707	696	835	835	839	840	856	856	577	576	842	582	842	841	839	837	839	836	837	608	606	607	838	604	842	606	838	607	606	586	609	611	611	582	609	845	846	748	586	771	584	585	584	745	747	748	748	780	749	749	750	749	782	780	
707	705	709	722	719	729	708	717	710	717	726	724	723	724	725	713	726	727	735	731	733	720	724	708	720	715	716	719	623	716	602	714	713	712	587	708	604	589	726	600	600	598	597	596	626	583	581	623	628	628	593	594	632	620	689	683	684	628	592	628	604	595	603	596	594	594	600	606	605	683	682	683	708	842	840	695	696	836	840	841	857	853	858	859	861	584	842	596	587	838	834	835	609	847	846	608	839	839	845	846	840	839	847	848	585	610	583	588	773	585	584	585	747	587	584	583	748	746	746	749	751	750	750	748	751	780	781	780	
706	709	723	721	730	730	730	724	711	715	718	724	711	724	725	727	725	731	730	734	727	728	720	728	709	719	629	715	582	581	715	716	712	714	586	586	602	725	589	720	601	599	600	723	724	625	624	625	624	623	590	625	630	630	635	685	682	693	693	591	602	604	605	603	595	595	607	677	601	683	682	681	682	711	841	694	694	853	841	840	842	860	854	860	860	843	598	597	598	840	836	839	840	847	848	840	846	845	846	846	845	846	587	849	609	588	611	584	774	774	584	604	588	748	588	585	584	585	746	748	747	751	749	752	751	752	752	782	
707	721	708	709	720	731	723	724	725	720	720	719	723	724	725	718	727	726	727	728	727	721	727	722	709	709	721	628	630	715	718	718	715	715	587	588	713	603	724	723	602	589	724	725	722	597	626	593	588	594	592	631	626	629	587	694	683	685	592	694	592	593	594	604	605	603	595	594	678	679	603	600	601	683	712	842	695	696	842	845	861	843	861	861	861	866	865	866	599	598	837	846	847	841	846	841	841	847	853	847	847	611	610	588	614	591	612	773	774	585	586	605	603	605	607	606	586	587	760	747	746	750	746	751	750	754	751	753	
717	709	710	721	721	722	708	710	710	721	721	721	722	723	725	717	718	730	729	731	729	728	726	710	730	708	709	722	716	629	714	717	714	588	589	588	712	723	722	631	630	625	725	716	605	605	598	594	593	593	632	593	628	627	630	587	693	684	594	593	600	593	594	594	596	596	602	602	679	683	601	602	713	605	606	848	848	848	843	845	844	863	865	864	864	866	865	866	600	596	838	838	839	848	847	842	848	608	608	590	589	847	587	587	588	613	590	773	773	604	603	603	604	605	607	587	607	607	761	607	756	755	747	745	751	750	755	755	
718	712	721	719	723	707	711	709	712	718	716	721	729	726	729	728	729	736	730	733	730	728	729	730	729	710	709	717	716	715	716	715	716	715	714	709	713	711	600	723	626	629	713	717	603	604	599	594	594	594	595	594	588	590	586	593	588	589	594	593	594	595	595	595	595	597	601	595	598	599	679	680	606	607	605	607	847	847	848	845	843	865	864	839	840	849	850	598	598	841	843	854	847	599	600	599	843	607	609	609	588	588	586	588	586	587	849	591	774	851	592	605	754	608	607	607	748	607	606	607	753	754	755	750	744	756	757	751	
708	710	711	724	705	706	721	719	718	711	720	719	730	721	729	728	722	730	735	731	729	713	712	711	708	708	709	710	711	715	714	717	718	597	597	709	708	712	711	713	630	627	595	597	607	605	605	593	593	592	594	583	589	593	592	591	592	588	591	594	595	596	594	596	596	681	680	602	682	593	678	679	660	607	608	690	689	657	846	844	833	865	840	837	849	850	849	849	599	842	852	853	854	602	598	601	608	849	852	851	853	589	587	589	597	587	592	851	850	853	854	753	609	607	609	610	605	749	608	609	608	756	744	743	745	744	750	751	
707	723	722	723	722	723	722	721	720	712	722	730	718	730	728	729	727	726	727	703	730	731	732	710	709	731	732	719	716	717	716	716	715	596	598	708	707	709	711	629	630	596	626	596	606	606	606	620	621	619	584	584	590	594	592	591	589	590	592	593	595	596	597	597	682	682	681	681	594	591	679	679	660	661	691	690	849	658	659	845	846	834	836	848	849	852	852	853	841	842	846	600	599	602	601	851	600	850	854	853	854	590	590	588	597	598	851	850	852	851	851	595	596	608	609	611	604	606	748	609	741	742	744	747	755	758	756	757	
706	703	722	721	723	721	720	716	720	713	718	723	731	726	727	728	726	716	715	714	731	733	714	717	716	708	710	733	715	717	588	593	594	599	595	597	707	596	714	630	631	601	602	607	596	635	632	619	621	587	585	586	639	593	593	592	597	599	597	596	594	598	598	604	613	667	668	603	592	592	681	680	659	845	690	690	693	848	848	693	850	837	840	841	854	851	853	853	844	845	846	600	604	600	852	596	596	608	609	606	607	608	594	595	589	599	852	849	852	850	594	596	595	775	596	605	759	615	612	749	743	743	744	747	746	757	758	757	
725	726	728	722	723	721	722	715	722	714	719	725	727	726	729	725	726	728	717	705	706	722	715	715	709	709	709	714	716	589	593	593	592	593	596	596	595	715	716	717	595	603	604	596	597	634	636	589	589	619	639	638	587	588	589	590	600	596	597	595	601	595	605	604	603	612	666	669	668	669	662	660	664	844	691	691	690	692	849	849	839	838	841	839	853	852	604	851	850	607	859	601	602	603	853	614	597	598	601	610	609	588	593	590	855	856	853	854	851	594	852	596	594	597	596	758	616	613	610	611	748	745	615	745	747	750	753	754	
725	724	727	724	718	718	714	722	723	721	721	726	727	730	726	730	728	727	728	718	706	712	722	733	733	715	714	619	716	717	593	592	591	592	627	595	596	588	718	594	604	606	629	628	597	637	590	591	638	637	619	618	620	593	594	591	590	597	596	596	600	602	600	598	599	706	705	669	659	669	661	661	664	661	843	689	843	691	693	694	844	839	838	853	852	852	853	603	606	604	602	852	604	602	613	602	613	614	615	608	610	601	589	594	597	854	855	852	595	850	593	595	595	595	597	617	759	612	612	612	743	747	614	768	751	750	749	750	
728	728	725	723	717	714	715	723	719	720	720	728	727	718	720	727	727	726	713	721	709	708	706	732	734	734	620	715	716	618	623	621	593	630	627	589	630	587	588	600	605	605	631	629	599	636	635	634	634	639	638	636	619	593	618	591	591	592	593	662	664	664	664	597	597	610	601	707	708	660	661	660	704	663	689	691	690	842	692	694	699	837	836	839	854	851	605	592	593	594	851	606	603	611	603	614	613	616	598	599	587	587	590	596	598	589	856	855	855	859	851	859	595	595	596	597	606	758	611	743	744	745	768	752	747	747	769	770	
724	727	721	722	718	716	716	715	738	737	719	729	719	721	720	728	715	712	727	726	708	709	718	707	731	732	734	621	621	624	619	594	594	630	629	629	631	631	589	587	606	630	632	628	629	633	632	633	634	635	636	620	637	594	592	617	618	618	591	598	597	663	665	598	611	598	600	707	706	704	705	704	704	703	692	690	691	843	693	699	845	708	855	835	855	856	591	604	604	604	604	605	605	604	606	615	613	612	602	603	600	588	594	597	591	590	856	854	856	857	858	860	594	593	596	732	731	607	742	610	611	749	756	751	748	768	771	771	
721	723	724	722	720	721	715	739	736	736	722	721	730	720	713	714	716	716	704	709	708	709	708	726	708	732	733	622	592	620	592	620	623	622	630	631	630	632	588	599	607	598	631	633	633	632	634	635	634	637	636	637	636	592	591	617	617	619	597	598	664	666	595	666	599	599	599	703	703	703	703	706	703	702	697	846	845	699	698	699	708	843	848	854	857	592	592	609	591	607	606	607	607	606	608	611	619	619	604	601	597	601	598	590	858	857	858	855	858	855	853	861	865	597	594	733	615	732	776	743	744	757	748	749	804	768	772	770	
722	724	719	719	720	718	719	740	740	736	737	740	741	714	715	717	718	713	708	709	708	709	710	707	713	714	733	735	735	591	589	590	621	622	632	629	632	584	588	589	600	587	586	634	635	634	608	635	634	636	637	637	636	592	618	620	619	696	598	596	595	667	594	600	598	598	704	704	707	666	705	707	847	697	696	848	846	698	850	845	848	844	847	853	852	853	591	591	608	851	606	607	608	608	609	612	610	618	602	603	589	588	589	859	589	858	858	856	851	852	851	865	864	595	596	775	776	614	776	777	744	749	614	615	803	805	770	771	
713	721	720	711	719	739	741	740	741	738	716	742	713	716	715	715	710	712	714	709	708	714	714	712	713	712	736	735	734	731	735	729	622	595	630	631	585	585	590	589	591	591	588	682	634	635	605	607	638	635	636	638	638	598	598	620	620	695	599	597	596	597	597	599	597	706	704	703	705	704	667	704	674	846	844	847	848	603	846	844	847	847	846	853	847	592	592	609	850	607	608	609	613	609	604	604	613	599	601	586	587	588	591	588	860	600	601	855	852	850	856	865	866	778	778	779	777	777	612	777	749	613	613	804	805	863	772	773	
724	711	710	710	711	711	722	725	741	739	738	715	714	715	718	717	709	713	723	709	713	727	711	713	710	713	737	736	737	733	733	734	595	632	629	629	629	630	587	589	590	596	684	683	635	636	637	603	604	637	636	637	599	597	695	599	690	695	693	598	597	596	596	598	708	707	706	704	675	666	705	701	700	847	848	847	849	847	846	845	848	846	848	845	846	593	844	850	851	848	851	598	600	612	605	610	609	600	584	585	589	588	590	592	589	601	601	856	856	855	856	857	864	777	778	779	614	747	613	614	615	616	611	612	613	861	745	856	
725	712	711	711	712	709	723	726	739	742	716	715	717	715	716	718	718	722	706	722	728	716	742	711	733	738	714	731	731	729	737	732	733	596	612	628	618	617	587	587	598	596	595	636	637	636	594	602	602	603	698	607	638	698	689	694	696	692	694	694	695	694	695	597	672	601	709	675	667	667	668	701	676	699	707	708	709	710	711	846	846	849	846	847	849	594	846	845	849	850	851	593	599	600	606	590	608	589	586	586	587	587	588	588	855	856	856	602	856	853	854	857	865	777	778	779	778	781	782	614	614	617	854	613	858	746	857	744	
719	714	712	711	713	714	723	723	723	743	721	723	716	717	719	718	717	705	706	707	729	733	741	732	712	713	737	626	730	730	736	736	612	597	607	608	629	620	588	588	598	597	637	596	621	620	637	593	596	613	613	697	696	694	600	690	695	691	693	694	696	696	695	673	672	673	674	673	674	669	675	675	674	706	705	707	709	706	710	845	845	848	847	848	848	848	843	593	850	592	592	852	600	609	602	592	593	592	591	588	588	586	589	590	854	854	858	853	852	851	853	853	852	745	744	779	780	782	614	783	613	613	853	856	855	856	855	745	
715	718	713	712	724	724	741	740	742	722	723	745	724	717	707	739	740	705	706	721	742	732	740	741	714	715	625	627	628	729	612	735	739	610	617	609	630	589	619	589	617	618	597	597	621	622	596	595	613	612	612	602	601	693	696	599	696	599	690	694	695	694	696	600	671	671	675	671	674	678	677	700	696	696	708	696	705	706	709	846	850	846	852	583	850	580	849	592	594	593	851	603	593	601	591	592	593	591	592	592	593	590	783	855	854	853	855	857	852	784	785	857	856	746	746	749	781	613	615	784	612	614	614	852	854	860	861	864	
725	726	722	713	714	749	745	741	743	744	725	726	748	747	708	739	738	722	721	722	720	741	732	741	742	734	733	734	611	611	736	613	609	738	608	616	629	622	629	621	618	621	621	622	608	612	613	614	609	613	603	694	604	697	600	601	598	697	698	694	696	698	601	697	602	671	670	673	609	610	610	610	696	695	694	706	710	602	707	710	709	847	584	851	582	579	581	582	579	594	852	599	602	594	595	592	593	593	593	593	594	782	783	784	854	784	783	784	783	783	786	782	750	747	748	747	613	612	614	783	784	861	615	853	859	861	863	857	
726	725	723	721	748	747	728	727	743	743	745	702	700	700	718	739	739	723	726	722	719	719	718	740	735	743	733	627	745	610	745	610	610	609	619	617	632	630	621	620	622	618	622	614	612	607	596	596	614	619	694	693	604	603	698	599	599	597	602	697	695	697	698	603	672	673	671	673	674	675	696	611	612	609	700	697	604	601	709	708	603	605	596	581	580	601	602	583	595	595	584	583	584	603	595	608	590	779	778	782	595	588	783	785	782	629	631	781	781	784	784	787	617	749	749	750	751	612	744	784	784	866	864	865	860	811	863	807	
734	724	724	749	748	749	728	728	747	747	747	744	701	701	701	738	739	721	721	720	720	720	719	734	736	744	745	727	745	744	614	612	612	627	618	620	617	617	622	621	622	617	614	612	628	611	597	598	618	695	696	697	606	604	604	603	601	600	602	603	696	699	650	604	604	675	672	711	611	708	695	851	696	694	608	699	700	604	709	708	604	603	604	600	584	602	600	596	581	585	852	601	600	605	593	607	591	603	781	603	782	752	754	783	755	783	757	764	782	783	621	619	616	783	609	610	611	615	785	796	867	867	863	856	863	862	810	860	
735	725	725	726	724	724	733	727	748	746	745	702	745	746	747	702	739	722	721	721	719	721	737	736	734	735	717	727	744	743	612	611	628	627	626	616	621	613	616	615	616	615	616	627	629	598	628	609	608	687	613	607	605	605	606	692	693	601	602	650	652	655	656	656	605	673	673	695	709	838	839	851	850	697	694	697	603	605	604	603	604	602	604	599	598	600	599	597	580	841	602	601	606	607	606	590	592	593	593	782	754	753	784	613	756	756	757	760	763	620	622	786	784	785	619	611	611	617	616	798	797	798	868	857	858	811	861	809	
736	726	726	727	725	728	732	726	727	743	703	744	741	742	747	742	733	731	723	718	719	718	737	742	744	718	743	728	746	742	743	629	610	628	627	628	613	622	613	616	621	625	619	628	627	627	607	608	611	610	611	612	704	703	691	693	688	690	649	653	654	650	654	712	711	674	697	710	697	697	698	694	698	849	695	603	602	602	603	603	604	606	607	600	604	601	601	581	604	845	846	848	602	607	607	589	590	591	592	593	586	585	785	749	753	757	781	764	762	624	623	785	786	617	617	620	614	617	618	799	624	799	622	622	623	810	809	806	
734	730	727	726	730	733	727	721	728	744	744	745	740	740	740	734	722	721	719	719	721	721	745	738	739	743	719	748	747	743	635	636	637	630	629	630	621	612	620	617	626	620	620	627	626	627	609	608	612	610	607	607	607	695	694	693	595	689	595	654	599	600	651	657	713	675	695	700	699	694	695	842	848	851	604	604	603	604	601	604	605	604	626	605	602	605	602	603	844	843	845	603	604	600	590	591	590	590	595	761	762	585	753	752	751	753	630	781	763	755	757	756	757	616	618	613	763	618	618	799	800	623	623	803	746	891	811	807	
731	736	727	728	729	729	732	720	727	742	725	746	742	746	747	732	733	733	722	722	720	744	725	725	744	742	743	743	745	636	637	626	627	626	630	629	631	633	632	620	619	619	628	628	627	627	611	607	609	607	606	608	608	689	695	688	596	594	599	598	651	652	656	841	839	841	835	836	701	696	697	698	852	847	845	843	845	614	614	605	603	606	625	607	606	603	619	845	619	600	846	599	598	599	599	602	604	862	594	760	754	762	754	752	752	754	754	796	796	755	784	796	796	620	619	619	620	762	762	762	762	624	622	802	747	745	890	808	
739	737	737	729	730	720	721	726	727	729	741	741	744	743	733	733	733	734	723	719	720	713	726	724	745	743	742	742	744	634	635	632	625	624	631	631	630	631	621	618	620	629	620	621	627	608	612	610	606	608	609	609	688	689	690	691	689	596	597	693	653	837	836	657	842	844	697	844	836	697	837	838	699	700	607	844	614	615	613	615	604	607	622	607	622	617	619	618	605	594	594	598	599	598	600	600	861	596	763	762	590	753	785	753	753	754	753	795	795	795	783	795	798	621	620	623	619	761	763	764	867	861	623	801	803	746	889	891	
738	740	734	737	720	721	735	736	725	724	739	738	744	741	732	732	734	734	724	724	725	727	728	729	721	744	742	743	722	721	634	635	633	630	631	627	631	630	619	616	631	629	622	621	610	609	606	607	611	608	607	608	607	608	690	611	611	692	692	649	694	697	694	695	658	698	843	698	843	698	854	700	701	699	699	610	851	613	612	614	617	604	622	621	623	624	617	607	606	601	593	593	595	862	863	606	605	630	628	587	606	786	752	754	753	754	762	765	786	794	784	797	784	624	622	623	763	620	762	763	891	866	802	750	804	890	894	895	
741	730	727	736	736	734	736	735	741	740	740	740	737	740	733	734	733	734	725	725	726	612	730	722	723	722	743	742	723	722	722	634	636	626	632	629	628	618	620	618	617	630	628	764	610	610	607	608	607	606	609	608	608	608	609	608	612	651	695	650	648	703	649	700	700	837	699	846	844	666	672	673	701	698	700	609	609	613	609	606	621	620	622	622	618	617	608	604	607	594	858	596	863	636	635	862	606	606	606	605	631	633	787	753	754	754	763	761	764	796	795	785	783	623	797	760	761	762	621	862	890	890	751	748	749	893	894	895	
729	734	735	735	735	719	730	736	736	723	724	737	739	732	735	734	735	735	735	730	729	613	611	611	609	723	743	721	722	629	723	637	630	631	632	633	626	619	617	616	617	631	629	629	602	765	764	600	599	610	609	609	609	608	609	608	607	650	647	648	702	648	649	650	845	844	845	848	844	843	665	665	606	607	701	610	609	608	611	607	604	621	624	623	621	618	619	609	595	605	593	636	635	632	636	605	636	605	607	634	630	632	633	755	755	755	760	762	763	784	786	782	787	798	781	765	763	763	863	864	861	889	750	749	897	896	892	892	
730	720	736	727	736	733	734	732	722	723	724	740	736	738	734	740	735	735	737	737	614	732	609	608	608	610	744	745	628	725	628	724	726	631	634	626	724	618	617	617	617	618	619	620	766	764	601	766	616	600	610	611	612	612	607	652	609	608	653	651	649	701	654	702	846	844	840	847	849	710	709	664	672	702	608	704	702	611	610	698	622	623	622	621	622	620	621	596	604	594	595	636	865	864	631	633	635	635	633	627	605	633	756	756	758	760	758	759	764	786	785	786	784	761	764	782	764	764	765	866	888	902	750	896	895	749	891	893	
720	720	727	734	737	733	732	723	725	721	742	725	737	735	739	741	742	735	736	719	738	733	609	610	759	758	745	630	629	629	726	725	722	721	724	723	619	600	605	727	728	729	619	602	767	763	766	613	601	613	618	616	611	612	610	609	608	610	654	651	650	614	700	653	653	845	846	841	677	708	710	673	844	699	699	701	703	698	697	621	621	623	622	617	623	619	620	621	620	621	637	638	861	634	863	636	633	632	636	622	628	623	623	759	623	759	625	760	794	800	786	786	787	803	775	806	787	800	801	867	901	887	888	767	888	892	893	892	
720	719	733	734	725	726	742	726	724	720	719	741	742	736	740	738	732	736	737	720	737	739	739	760	743	753	754	746	756	723	724	741	727	724	722	723	724	606	726	627	626	627	629	703	613	613	612	611	612	617	614	616	615	618	609	610	606	702	609	700	703	615	623	703	702	654	846	842	710	711	711	665	667	844	843	701	702	699	620	698	699	617	616	614	622	621	620	625	619	620	638	639	785	786	637	634	636	635	633	635	621	622	623	630	793	898	760	793	795	796	794	803	802	778	774	786	807	801	802	806	804	902	887	889	900	887	893	889	
736	736	734	711	709	741	743	741	711	719	724	723	724	741	740	741	738	738	757	738	757	738	737	745	744	745	744	755	756	723	723	741	740	726	725	723	602	727	603	602	624	631	627	628	613	612	615	612	610	618	649	615	617	610	608	609	611	605	608	606	613	612	700	614	626	703	847	847	709	710	711	668	666	667	843	842	677	671	698	865	700	619	617	615	619	871	625	628	630	639	781	640	786	784	634	634	637	638	636	629	636	640	625	897	799	898	897	794	795	793	804	805	802	801	777	787	777	802	801	897	805	901	888	887	888	890	888	888	
736	735	735	735	738	710	740	743	742	715	720	723	724	743	742	739	737	775	737	756	757	610	608	738	743	743	743	757	723	724	742	741	743	743	748	747	726	749	748	751	630	625	632	614	612	611	614	616	615	611	612	616	620	607	608	607	612	609	609	607	613	662	661	662	625	623	704	710	629	711	705	709	710	844	846	845	671	670	674	628	866	784	619	620	621	872	627	629	782	780	640	780	781	782	783	790	789	635	630	635	639	795	632	633	895	801	899	814	813	814	804	803	802	805	807	776	802	801	777	802	896	806	888	893	889	890	889	891	
737	736	735	737	736	711	741	743	713	714	722	728	723	743	741	739	738	738	740	741	741	608	609	607	744	608	754	755	724	715	715	712	742	744	716	714	727	719	750	726	631	626	627	627	631	613	612	615	616	617	617	617	619	609	610	609	610	620	608	704	705	663	662	663	624	626	623	618	628	620	701	711	713	845	847	846	673	673	675	867	677	867	785	622	785	622	872	629	673	781	782	780	779	782	791	789	635	634	635	634	786	640	635	801	800	896	809	815	793	812	811	801	804	805	806	800	803	802	806	803	897	895	895	888	889	890	891	890	
738	737	744	736	737	738	742	742	744	741	729	733	731	742	730	731	732	739	759	739	741	609	607	606	609	618	603	604	714	714	713	731	743	715	715	725	720	723	724	725	632	632	628	627	626	630	616	611	664	613	618	618	610	611	611	611	607	609	610	609	705	708	663	664	625	620	619	622	627	710	709	700	707	848	849	848	668	667	788	676	868	675	674	784	866	866	871	877	674	875	781	782	781	782	782	788	784	636	783	636	633	798	632	802	801	793	800	816	803	813	807	810	805	800	799	804	799	805	800	800	895	894	893	896	897	898	889	900	
739	743	737	737	739	743	743	741	745	742	743	734	743	730	731	733	734	770	771	743	742	743	610	607	617	619	601	604	713	759	729	730	732	731	716	726	728	729	724	729	726	632	633	626	628	610	609	663	612	664	612	666	611	666	618	608	606	618	709	705	710	708	711	664	708	619	623	624	623	626	707	701	708	706	871	706	668	787	668	869	675	674	675	867	865	874	876	878	876	782	787	782	783	792	781	784	783	782	786	787	786	897	797	896	803	801	817	817	818	814	809	810	809	801	813	810	798	806	799	799	895	896	893	894	897	898	899	890	
734	738	739	735	735	742	743	742	742	744	735	744	742	731	735	773	776	777	778	773	742	743	617	616	608	619	618	602	760	722	716	728	730	732	732	733	727	725	730	731	730	628	627	628	611	610	608	608	664	665	663	611	665	667	609	608	607	610	708	708	706	709	663	710	620	662	620	625	672	671	706	707	708	710	705	872	671	786	788	868	859	790	676	866	874	873	871	873	874	873	783	788	787	632	785	786	787	783	783	784	788	800	799	796	796	802	807	805	804	819	809	808	796	796	797	809	802	800	800	801	800	805	804	898	899	898	897	891	
742	739	739	734	744	736	741	744	744	743	743	743	741	740	743	736	772	772	774	777	777	618	759	617	615	617	721	722	721	609	715	721	729	655	721	728	726	729	722	723	730	731	628	608	652	610	611	609	665	666	665	666	666	610	611	621	607	609	609	619	707	710	664	662	665	662	618	855	856	707	707	707	711	704	705	672	787	788	787	858	869	677	788	677	873	874	872	875	875	789	786	806	807	792	787	786	787	631	631	632	788	816	801	797	798	812	809	808	820	808	547	808	813	795	806	805	806	802	801	803	800	802	803	900	890	899	898	892	
741	756	756	734	743	743	738	743	745	741	742	711	710	743	741	744	771	777	773	775	771	770	618	620	617	616	619	609	608	715	714	720	654	655	725	722	723	721	723	724	722	754	651	653	651	652	669	648	663	662	621	664	619	614	616	705	608	608	609	618	621	664	663	664	855	853	663	619	854	669	708	712	709	708	706	707	789	670	790	788	791	791	792	793	874	875	786	789	628	790	807	805	808	793	793	786	785	627	798	789	817	815	629	625	629	798	813	857	809	805	546	798	548	798	797	805	800	805	803	804	801	901	900	812	894	811	811	891	
766	755	766	744	744	745	744	748	742	746	742	707	743	744	713	714	774	776	775	775	774	776	774	618	619	620	749	615	716	611	610	611	654	617	723	723	728	724	726	726	726	650	618	652	654	672	607	648	647	620	619	620	706	615	613	617	615	614	609	618	619	620	621	853	854	854	620	664	856	855	670	852	713	707	707	708	859	789	669	789	790	792	792	670	790	785	788	783	627	788	786	809	785	806	807	805	786	628	626	627	816	814	819	628	628	630	857	856	858	547	808	547	548	804	799	797	798	805	804	805	806	802	811	893	810	812	892	810	
756	765	738	745	746	744	745	743	748	741	709	743	745	744	714	716	709	775	764	774	777	741	740	619	740	615	750	752	751	618	611	752	621	655	616	730	729	727	726	725	727	621	649	651	653	671	608	648	647	675	620	621	621	707	614	618	616	613	619	610	620	705	624	853	857	855	853	855	856	671	853	851	848	854	852	862	861	860	683	791	791	668	668	669	786	791	789	789	789	785	786	784	785	807	805	804	808	627	794	687	817	820	818	782	781	781	782	780	857	854	542	543	805	800	798	799	806	807	806	805	806	808	896	895	809	894	893	809	
757	765	739	740	746	752	748	747	744	740	743	742	729	714	714	717	710	759	760	763	764	779	740	751	750	615	616	617	617	751	751	622	748	614	618	618	731	727	726	728	602	603	670	668	673	672	609	675	674	675	667	616	708	708	619	613	617	612	625	626	611	706	704	704	856	856	859	855	876	877	854	850	849	853	853	853	852	683	684	792	669	671	670	790	671	785	786	790	782	790	785	786	786	806	806	807	808	794	793	686	687	819	814	815	782	862	780	862	852	853	541	547	806	801	800	811	812	813	814	807	808	809	810	811	810	808	812	811	
742	743	737	736	751	739	748	738	748	749	739	738	741	713	713	759	758	761	760	761	774	740	739	740	741	746	747	618	617	747	750	621	721	615	616	617	732	730	602	601	602	603	669	671	674	602	651	676	674	616	615	666	658	659	619	620	615	616	613	627	626	612	705	704	859	858	860	856	878	877	878	850	850	850	854	680	681	682	685	667	685	668	668	789	670	672	793	784	783	784	690	692	785	693	693	807	808	690	689	691	864	635	817	639	640	861	861	853	854	540	543	542	548	545	813	811	810	811	815	807	808	809	897	813	812	812	810	811	
741	752	764	738	749	738	739	747	748	742	740	741	712	740	718	717	716	718	765	766	775	773	774	742	741	761	745	746	745	744	746	747	728	727	728	730	733	733	731	606	607	606	676	651	672	601	613	612	613	676	669	667	667	685	660	618	616	612	612	622	710	627	628	859	859	859	857	857	859	860	881	877	856	851	851	682	683	684	668	669	686	687	669	792	670	792	791	789	790	784	691	691	728	692	687	687	686	809	690	867	865	816	865	866	862	864	863	865	854	541	543	545	545	864	812	811	811	812	808	805	812	897	896	813	813	810	811	812	
743	752	751	750	751	750	749	743	741	742	741	740	713	713	716	719	717	719	719	765	745	761	762	759	747	746	749	659	747	745	745	747	727	731	728	731	607	605	612	605	651	652	675	610	673	612	613	611	674	651	668	668	667	666	686	616	619	617	613	614	621	711	860	860	861	860	858	858	881	880	856	882	878	852	683	684	683	683	667	686	688	685	791	670	786	792	792	791	790	692	692	791	792	686	686	698	699	687	800	796	866	865	864	863	865	863	864	861	861	866	865	544	864	863	861	810	814	552	809	806	813	809	810	808	809	809	814	813	
744	742	743	735	751	744	740	740	742	742	739	747	719	714	715	716	720	777	763	764	765	760	761	758	760	749	747	746	658	660	746	726	728	731	730	612	606	614	606	611	653	654	676	676	611	620	614	675	608	609	652	669	667	667	665	622	621	620	621	608	609	622	861	860	859	860	710	709	879	880	853	855	874	850	853	685	673	668	682	687	683	687	792	688	793	791	793	791	792	693	789	790	793	794	687	697	688	688	799	798	797	811	865	864	860	864	865	866	860	866	545	863	862	863	864	865	870	773	553	806	814	811	811	810	809	820	810	812	
744	743	740	740	743	744	742	741	741	747	742	715	748	747	716	722	776	777	780	744	779	743	745	761	762	749	750	748	660	659	747	728	726	731	613	731	613	614	605	609	612	605	609	677	619	615	619	676	610	611	670	670	668	666	623	666	621	622	616	622	616	616	861	860	714	711	682	681	881	855	685	854	875	717	854	855	674	683	688	674	673	685	689	690	792	792	790	793	786	694	730	729	730	722	694	698	698	796	798	796	798	800	860	865	859	861	866	863	859	859	868	861	748	749	750	753	774	869	807	548	547	864	873	812	823	822	813	814	
744	744	741	749	738	743	743	742	742	742	741	745	744	746	721	719	780	781	779	778	744	743	742	744	744	749	750	772	751	769	770	729	727	730	731	609	614	778	607	611	606	611	608	610	618	616	677	611	608	608	669	668	669	667	619	667	615	621	615	616	616	615	617	715	715	612	615	616	713	881	686	689	874	716	716	690	631	685	689	672	672	778	688	691	688	686	684	791	785	785	788	735	699	722	721	796	795	799	797	795	795	796	859	858	859	862	862	864	861	860	867	547	748	865	754	775	868	868	867	547	548	871	872	813	814	823	814	868	
744	741	748	740	741	746	749	742	749	741	744	746	744	747	748	720	780	779	648	645	780	744	744	743	744	778	750	771	771	769	770	727	728	728	617	617	777	778	777	606	607	605	784	611	617	617	619	608	610	609	670	669	612	611	668	618	620	614	611	615	617	617	616	617	618	611	617	714	713	712	688	875	715	715	682	630	689	632	688	671	777	687	785	787	689	687	783	783	785	784	735	789	735	736	700	700	800	795	794	795	794	795	798	867	865	860	865	861	863	861	859	760	749	760	866	868	776	867	866	873	872	870	871	812	824	873	813	552	
744	740	741	740	739	744	749	748	745	750	747	747	748	749	748	749	748	647	780	781	745	746	784	745	745	756	755	756	770	771	778	729	731	618	626	618	619	620	626	781	782	783	784	609	608	609	616	615	610	628	670	669	612	608	610	622	619	612	613	614	613	618	618	618	618	716	610	611	714	714	714	714	714	877	878	688	687	686	687	776	788	786	786	784	788	689	688	784	784	735	736	737	735	697	701	697	698	801	802	793	796	797	801	866	865	859	864	864	860	751	750	751	759	759	761	777	851	868	869	867	871	871	868	869	813	825	874	875	
745	783	741	743	739	748	747	744	751	743	749	748	749	739	780	747	782	781	649	646	645	744	783	748	746	758	757	757	776	777	775	730	731	624	625	619	620	616	625	780	784	781	783	781	619	620	616	615	616	629	614	629	630	623	613	624	625	613	617	614	615	616	617	617	617	612	611	611	614	720	720	713	715	880	879	630	631	688	690	691	787	688	785	785	785	690	706	735	734	785	736	734	698	699	700	698	798	799	801	794	797	799	800	866	801	860	754	865	861	869	858	849	758	758	762	849	760	761	872	809	810	868	867	874	569	873	874	875	
742	746	782	742	784	785	742	750	741	748	747	747	780	779	784	781	782	650	648	786	646	784	652	751	750	749	758	651	778	778	627	624	624	775	619	621	779	621	622	626	779	780	611	782	621	620	619	614	617	630	631	630	631	622	621	623	623	616	618	614	613	617	616	624	619	624	621	615	614	719	610	717	714	691	716	689	632	615	689	690	687	788	705	703	705	706	705	708	706	737	700	699	698	699	699	698	699	799	800	797	798	798	867	799	802	802	861	866	868	867	868	859	746	757	761	763	872	871	871	870	869	868	866	865	874	551	876	553	
742	741	742	743	743	783	739	743	749	749	785	748	748	782	783	747	651	651	745	655	785	647	785	752	751	719	720	655	653	781	628	624	776	620	774	643	778	780	617	625	626	630	781	610	611	632	615	615	630	631	631	632	630	629	622	622	624	618	617	618	615	616	621	620	623	621	622	615	621	610	609	611	715	695	623	635	621	622	689	688	789	705	704	705	706	705	704	707	738	701	703	700	732	733	706	701	703	704	798	801	798	799	799	868	752	862	867	867	866	868	746	860	761	745	760	760	542	870	870	870	866	865	566	866	569	875	553	552	
780	743	740	741	782	783	748	749	748	785	784	785	749	783	750	784	650	649	785	746	654	653	750	751	718	718	751	721	654	628	627	777	775	778	773	642	642	781	643	626	628	629	630	632	611	612	633	624	616	623	630	632	628	621	622	625	623	619	616	615	617	616	632	620	618	622	622	623	620	613	694	693	694	693	692	622	636	622	688	687	689	701	700	787	704	707	698	712	688	703	702	701	703	702	700	702	702	703	802	803	800	759	869	869	752	753	867	867	752	753	869	746	744	762	765	761	873	870	869	867	869	867	864	565	570	569	570	569	
781	782	781	782	782	781	784	782	749	749	785	783	784	784	749	767	766	767	768	651	748	782	783	784	752	752	752	653	776	776	625	626	777	776	642	641	643	642	783	625	777	630	631	630	631	634	634	625	622	631	632	633	623	629	627	628	624	625	626	616	617	633	634	629	621	620	621	615	614	614	695	694	694	695	623	624	623	620	688	690	688	702	704	701	788	708	702	711	711	687	686	690	703	702	705	703	802	801	705	805	757	759	757	870	755	753	868	868	752	751	870	745	763	765	763	874	540	872	871	589	545	865	546	576	570	571	571	569	
783	782	782	782	782	780	782	750	751	750	784	751	752	780	748	765	750	767	769	749	783	749	785	783	784	774	656	660	775	627	626	778	774	773	777	643	644	784	781	776	626	629	627	615	634	614	618	617	632	617	616	617	620	628	626	627	628	625	626	615	634	629	628	635	631	630	622	615	613	614	615	696	688	696	616	689	690	619	689	689	691	691	705	705	702	723	712	710	712	694	691	693	703	704	704	707	697	803	804	809	758	849	850	758	754	755	749	869	751	753	871	754	762	874	764	874	873	760	873	587	543	549	584	548	591	571	570	571	
781	782	783	783	741	781	779	748	750	751	752	753	753	772	773	767	768	767	651	650	784	821	784	782	785	735	661	660	658	772	777	659	773	774	776	781	785	781	777	629	628	628	628	614	632	633	635	617	634	633	617	614	615	616	643	626	626	626	615	618	630	633	636	631	634	631	616	616	611	612	615	613	615	615	690	615	618	691	690	704	724	692	706	727	726	722	705	703	713	693	704	704	688	693	695	694	804	805	803	848	804	803	759	754	759	752	752	744	749	745	755	757	752	761	760	759	761	548	563	564	544	549	548	583	584	571	582	568	
784	783	782	777	775	780	782	779	750	753	752	790	770	771	772	766	766	765	766	767	783	785	820	783	818	662	662	659	771	770	773	773	772	773	774	780	786	780	778	779	629	629	615	613	617	616	634	621	620	618	618	618	615	626	642	642	628	627	627	614	615	614	632	614	632	632	615	617	616	613	614	614	615	691	617	618	616	619	619	704	725	723	725	725	727	727	706	707	707	703	705	706	703	707	703	705	704	705	804	847	846	847	804	765	753	752	751	743	744	756	756	754	758	752	761	762	879	591	547	545	547	549	593	594	585	583	581	581	
780	785	783	776	785	783	779	778	750	782	789	790	772	792	793	768	767	768	768	649	820	786	787	819	766	661	734	735	660	662	661	773	778	774	775	774	775	779	780	778	778	783	632	614	621	622	621	620	622	619	617	618	617	616	643	645	623	628	619	618	613	614	633	614	613	633	614	615	616	618	619	613	621	616	619	617	618	618	617	705	704	728	727	726	728	724	726	708	706	706	705	706	707	702	708	703	705	704	848	847	846	748	848	764	752	751	753	754	754	756	753	751	752	759	879	880	880	590	591	592	567	593	592	585	584	587	580	569	
788	779	784	784	774	777	780	779	785	785	783	791	791	779	794	767	766	767	650	651	650	817	652	818	821	765	736	736	662	661	777	779	774	772	773	782	776	781	779	781	782	779	782	781	621	620	622	621	774	776	620	618	645	644	626	644	615	622	620	619	617	634	615	614	611	634	605	615	615	620	617	618	620	617	620	618	610	707	619	705	707	703	727	727	725	727	709	725	726	703	704	706	708	702	704	705	707	704	849	847	758	847	761	756	754	753	754	755	753	752	754	752	753	880	881	876	879	549	548	547	591	592	582	583	584	586	582	583	
789	789	788	774	773	779	779	779	784	786	783	790	789	780	737	793	737	738	788	735	818	651	652	819	766	820	770	786	773	784	778	778	779	772	776	775	775	777	775	777	777	614	782	783	614	619	617	618	779	777	644	619	647	644	643	643	615	613	615	618	618	616	615	610	611	606	607	614	616	617	619	619	618	616	619	619	620	609	706	619	704	705	706	728	726	725	726	764	765	704	704	764	765	703	704	705	695	850	848	758	757	758	762	756	755	764	744	746	755	757	756	755	876	877	877	877	761	548	550	592	590	583	585	586	586	585	583	583	
790	787	790	789	780	782	780	782	781	787	787	788	790	795	781	736	737	739	790	820	819	789	791	822	823	767	782	774	785	772	780	774	777	773	780	771	774	774	785	776	613	620	784	783	616	616	620	621	617	778	778	650	645	646	644	613	612	622	614	623	613	626	611	618	610	611	615	617	615	615	617	619	620	617	620	619	635	610	620	618	706	706	706	707	729	728	766	765	763	763	764	763	703	705	700	694	695	697	760	758	761	756	759	759	756	765	745	760	758	757	752	757	754	875	876	762	760	589	590	762	870	869	586	869	870	585	585	585	
788	791	786	787	790	781	781	780	783	781	785	786	794	785	796	787	791	733	791	785	792	793	790	735	736	737	744	736	617	743	773	773	771	771	772	773	775	775	784	779	618	619	620	785	616	616	618	622	619	618	619	622	649	647	612	611	611	617	623	624	627	628	627	619	612	614	612	613	618	616	619	624	623	621	618	709	634	627	626	708	709	708	707	631	632	640	639	765	764	642	643	764	706	624	699	695	696	761	759	760	757	758	758	757	766	758	746	759	758	761	885	756	755	755	761	759	592	591	592	762	761	866	868	582	584	584	583	586	
783	783	785	791	777	782	783	782	785	782	786	788	786	786	786	797	788	792	734	735	787	740	794	738	737	743	743	618	616	774	774	744	776	770	774	777	776	775	614	635	636	621	637	617	617	617	615	617	621	620	620	650	612	611	646	610	613	615	616	615	611	621	622	622	621	613	614	613	614	613	620	620	628	624	622	708	626	625	709	708	707	633	632	632	634	640	638	639	639	641	764	763	764	625	625	697	701	702	762	702	758	756	757	758	758	758	760	759	754	885	884	800	799	756	799	879	592	762	763	762	865	882	883	882	585	583	587	881	
784	784	775	776	777	784	788	786	786	786	787	787	789	787	785	798	736	737	739	736	786	795	742	741	740	746	747	743	743	615	743	777	776	777	773	776	775	774	636	634	635	636	618	616	615	614	618	617	626	781	648	611	613	612	649	614	611	649	615	617	616	621	620	620	614	615	616	617	618	621	616	620	621	627	626	708	707	706	636	550	634	634	548	633	551	631	641	643	642	642	767	766	764	629	630	699	698	761	703	707	759	758	755	756	755	757	760	760	755	753	868	758	801	796	800	880	760	759	764	865	864	881	881	882	584	881	582	881	
785	776	775	776	777	776	778	787	785	785	791	792	789	789	788	737	831	830	831	740	787	743	828	746	745	741	742	742	743	616	614	617	773	772	777	778	774	776	775	621	637	620	617	619	618	616	619	625	616	649	650	612	648	650	615	650	648	617	615	616	623	615	621	621	615	615	614	620	620	621	615	622	617	622	627	629	626	627	546	637	548	547	549	631	634	632	640	639	641	643	768	630	630	700	698	698	701	703	702	762	756	763	764	763	756	756	755	753	754	868	867	802	799	801	798	796	765	765	764	763	865	882	880	880	883	702	880	580	
782	786	777	777	780	777	778	786	788	786	786	790	789	790	830	831	829	832	833	788	827	827	829	745	747	747	741	746	744	616	617	616	781	780	776	779	777	623	629	638	641	619	621	617	618	618	618	619	620	651	650	650	649	649	651	649	616	647	617	616	615	614	615	623	622	616	622	615	619	634	616	616	616	623	603	547	630	635	634	553	553	552	548	632	632	551	640	696	699	698	644	627	626	699	699	702	839	838	758	759	761	757	762	839	759	648	648	759	865	866	868	798	764	798	762	797	764	762	762	761	762	881	881	882	759	701	757	761	
783	777	787	788	776	778	779	779	789	789	787	792	791	831	831	830	830	828	828	828	789	748	747	748	746	747	742	745	745	618	617	617	617	618	779	780	624	624	781	781	642	640	620	618	616	618	617	619	652	724	725	649	649	649	651	650	650	648	618	627	628	616	616	618	622	621	617	616	619	619	633	615	619	602	603	600	631	631	632	550	548	553	553	698	699	552	553	698	644	699	701	696	877	876	874	703	876	877	876	760	762	835	842	765	838	649	647	760	771	865	869	765	765	763	761	798	866	763	763	763	762	763	696	706	759	758	702	762	
786	786	783	782	777	778	777	778	790	790	784	788	792	786	787	793	831	827	829	791	793	825	824	747	746	747	749	744	614	619	619	748	616	619	780	781	782	783	783	782	781	639	619	642	617	619	620	620	724	723	650	651	650	608	609	651	618	616	630	623	625	623	624	617	624	623	624	624	618	621	619	620	634	601	600	634	636	632	636	549	549	549	697	699	699	700	553	699	645	700	702	702	877	878	875	875	875	875	761	761	761	838	841	766	837	770	771	770	759	866	766	764	765	764	762	798	799	764	764	802	762	763	697	707	705	701	703	701	
787	785	783	784	774	779	779	784	783	783	782	785	787	786	785	794	791	827	790	794	793	823	823	821	748	749	750	615	745	613	614	749	779	735	781	781	782	783	784	781	782	640	620	641	617	616	620	621	725	722	724	722	607	608	616	616	630	629	631	624	626	628	628	622	624	625	621	621	620	618	619	623	633	599	632	635	636	635	550	550	550	553	698	698	701	697	698	701	700	702	701	620	878	625	624	625	707	762	763	842	842	842	839	838	838	649	650	773	776	775	776	767	763	765	764	800	765	699	801	766	803	775	776	777	708	703	702	704	
813	780	813	775	785	780	789	783	782	783	784	786	785	786	795	794	794	794	791	791	794	824	822	750	747	746	751	746	613	612	615	780	615	616	784	782	782	783	784	782	641	641	621	641	642	643	730	622	737	738	721	722	594	608	614	652	628	630	631	630	629	627	627	628	625	652	653	654	620	620	622	624	600	599	598	633	636	634	550	551	552	551	699	699	699	604	702	699	625	866	645	645	877	642	625	625	708	707	708	841	841	842	838	840	839	650	649	771	774	763	764	763	765	763	765	763	765	766	803	802	773	804	772	773	704	704	703	703	
813	814	812	776	777	782	789	788	784	784	782	783	786	789	789	793	793	795	792	794	824	826	825	752	748	747	743	745	746	613	742	783	782	783	780	618	733	783	785	628	642	621	622	641	642	736	642	736	644	610	609	610	593	653	615	651	631	627	629	630	630	632	598	630	632	651	626	627	622	623	621	625	623	599	634	600	635	636	552	551	603	602	698	602	699	700	605	608	867	628	644	622	642	641	861	646	645	839	839	840	842	841	843	649	843	647	650	767	767	763	765	766	764	769	766	764	764	766	803	701	805	773	771	775	703	775	776	755	
812	811	812	780	781	817	782	788	787	786	786	816	790	790	788	794	792	794	796	791	816	792	826	749	800	800	747	616	747	614	616	616	784	781	781	782	619	734	627	622	621	623	642	641	642	737	735	733	734	736	592	592	593	655	616	652	653	630	631	657	631	630	629	603	604	627	628	628	623	624	605	622	604	624	602	601	618	619	552	621	622	699	700	701	702	620	619	616	633	868	869	623	625	624	862	645	645	646	838	840	843	843	651	650	648	649	767	766	767	766	765	766	769	769	767	769	770	765	767	802	802	806	772	776	774	706	705	755	
812	802	812	779	782	782	781	782	789	787	787	814	815	789	811	810	808	809	810	815	792	828	827	749	801	802	801	615	617	615	617	782	620	739	740	738	739	618	620	628	622	643	641	642	642	643	738	732	735	643	738	593	594	655	654	655	653	593	655	656	631	603	602	630	627	629	625	652	623	605	604	623	605	633	602	602	603	621	620	553	623	622	621	606	624	625	632	618	619	636	646	620	621	627	644	646	647	833	837	835	844	845	839	652	649	651	650	649	766	773	819	766	768	770	771	771	811	766	811	803	801	805	806	774	774	773	774	806	
801	813	803	833	779	783	783	783	832	815	814	809	790	827	809	810	804	790	816	814	814	814	815	801	800	800	616	731	614	732	616	617	783	739	737	738	737	620	619	623	624	623	642	648	644	641	641	645	647	739	646	595	594	631	656	631	592	657	657	626	627	628	603	645	628	652	608	657	608	606	605	606	622	623	561	650	620	620	622	554	862	860	622	616	623	624	625	633	631	635	635	621	622	862	835	836	840	840	636	640	845	840	840	837	651	653	651	767	656	822	823	818	767	781	776	770	812	810	770	771	804	805	802	775	708	709	807	775	
805	831	832	815	784	783	782	834	833	811	813	813	808	802	803	803	801	800	799	815	815	815	747	748	802	801	801	730	734	735	733	617	616	626	736	626	743	620	625	624	627	628	629	639	640	645	640	645	646	645	646	593	594	627	596	631	658	591	719	643	644	628	644	643	629	646	609	607	608	658	655	653	557	558	560	651	619	653	621	861	861	859	617	617	625	620	618	632	630	630	636	629	863	863	840	837	839	838	839	637	841	839	839	839	652	650	650	657	657	822	824	781	768	782	771	812	809	771	772	773	772	808	808	806	826	827	828	802	
804	832	830	833	814	785	784	814	815	834	812	811	815	809	812	802	796	800	809	816	817	820	816	817	809	803	734	733	731	736	734	617	618	619	625	743	629	628	738	626	637	628	622	626	638	639	638	718	647	646	644	719	594	595	634	634	630	631	720	645	646	723	724	632	633	647	647	647	657	609	654	648	558	556	557	652	652	557	634	607	860	862	618	619	619	855	629	631	632	637	638	628	622	840	838	838	631	633	867	866	840	838	655	653	840	651	658	656	656	808	806	782	775	778	809	808	810	773	772	823	808	807	808	807	829	828	803	802	
805	831	831	834	829	815	815	816	815	814	782	783	814	811	803	804	803	804	808	807	817	818	819	807	806	732	798	804	734	735	624	627	618	624	620	747	746	736	737	629	627	629	630	634	633	640	647	646	717	647	718	598	630	629	635	633	645	646	722	721	722	723	724	741	633	648	646	647	648	656	649	560	560	559	555	556	653	633	634	623	608	619	561	858	856	632	570	632	633	628	629	650	621	650	652	837	632	704	703	705	841	819	654	653	841	842	843	657	661	810	807	807	777	810	778	809	809	811	810	824	823	822	825	826	830	808	809	761	
832	830	809	831	830	828	829	832	833	816	784	814	834	836	805	781	800	804	800	809	802	820	809	818	818	735	797	733	734	625	626	627	743	735	736	745	748	610	610	628	628	628	629	634	631	632	634	718	716	599	598	597	746	746	632	646	647	733	597	723	722	733	552	551	552	549	647	646	647	648	654	655	559	560	560	556	558	632	625	624	561	560	559	857	566	569	631	632	634	627	628	629	622	651	839	838	850	653	704	704	849	842	654	820	657	843	657	658	821	821	809	778	778	779	811	806	810	806	809	808	810	825	824	831	832	811	807	810	
831	808	832	831	829	827	831	784	783	783	839	840	835	836	780	806	805	804	803	801	821	807	809	817	815	796	797	805	626	807	628	589	628	742	628	746	747	611	609	610	629	630	749	635	596	635	635	634	719	599	598	747	745	746	645	598	647	737	732	596	723	724	551	550	548	551	647	662	647	667	668	655	554	637	562	559	636	559	560	626	562	560	561	858	559	570	627	633	635	571	625	649	854	649	840	650	848	849	853	852	850	655	821	821	658	656	659	656	661	820	821	815	713	779	807	811	812	840	807	832	833	834	831	832	810	812	809	810	
832	832	809	827	830	830	830	831	782	840	841	842	785	784	807	808	782	802	842	802	809	808	810	818	816	798	797	804	806	736	627	629	588	589	629	629	746	747	593	755	746	752	752	635	634	630	636	633	600	600	646	599	746	744	745	746	748	731	733	733	740	741	741	551	549	547	548	550	648	646	650	553	554	636	563	635	634	635	636	635	561	562	563	639	859	628	640	651	562	572	647	650	648	651	634	651	633	850	851	845	847	658	657	823	823	822	658	659	821	822	823	714	825	714	812	812	812	810	841	828	836	829	830	832	833	813	830	831	
834	833	836	836	828	841	835	836	779	842	808	779	783	786	803	802	803	785	841	814	813	810	809	817	799	558	799	798	561	628	564	565	738	593	592	593	741	595	754	594	596	751	752	632	633	636	631	649	648	601	600	745	600	747	745	730	730	731	734	602	732	731	742	550	643	556	549	556	650	649	651	554	555	553	555	633	634	635	634	635	561	562	639	636	639	639	639	640	650	650	651	651	649	633	632	633	650	705	704	705	688	820	658	659	823	824	657	658	826	827	823	715	705	715	713	809	815	811	842	835	827	837	830	809	701	700	812	831	
834	835	837	839	840	839	840	835	843	782	807	781	780	781	801	800	801	842	843	844	814	810	810	805	816	559	800	562	561	562	562	630	629	630	633	632	594	593	596	595	743	597	599	632	634	634	632	633	634	649	601	601	746	746	730	729	730	602	601	733	730	644	743	552	644	643	555	555	556	647	650	555	555	554	556	557	632	634	635	562	563	635	638	639	638	638	854	649	650	649	649	650	632	634	634	702	651	651	702	704	702	687	703	704	823	825	822	818	821	827	828	706	703	714	701	704	704	814	814	814	819	833	810	706	707	811	830	831	
835	836	837	841	844	836	836	842	843	840	808	781	780	780	782	783	843	839	838	839	810	809	807	817	590	815	563	563	563	564	562	563	631	630	631	632	594	595	574	742	741	598	633	600	746	747	633	634	651	602	633	602	602	729	730	643	642	643	600	730	729	601	643	643	553	557	558	554	556	649	646	648	557	556	557	555	556	557	558	636	638	639	638	566	639	639	569	570	651	650	629	630	648	632	705	705	652	636	704	705	688	701	702	822	822	821	659	818	819	822	822	704	704	702	810	703	705	704	815	816	818	816	834	706	831	812	832	831	
837	838	841	843	834	835	841	839	844	844	806	780	779	834	800	844	845	840	840	839	811	808	810	589	592	814	630	562	629	572	563	570	631	632	633	562	595	571	743	573	599	743	635	745	744	636	636	632	631	747	748	603	603	732	731	732	641	640	639	731	731	641	735	641	642	730	555	553	555	648	647	558	635	557	556	554	554	640	639	640	637	637	567	566	565	568	569	570	637	647	631	649	633	634	704	632	635	653	705	703	703	700	653	821	822	823	819	652	819	820	821	817	818	808	809	704	704	705	816	834	819	820	707	832	829	702	704	704	
839	841	842	841	836	833	840	842	838	840	805	807	808	809	802	801	802	841	842	808	808	807	590	809	813	813	815	631	563	564	571	569	569	565	634	567	584	569	570	571	574	594	594	745	634	635	637	638	748	746	749	727	728	732	731	645	647	643	735	734	735	640	642	642	729	727	731	554	557	648	649	555	634	635	556	557	557	640	641	640	638	568	567	638	567	568	569	635	648	650	632	634	632	634	633	633	635	636	637	704	701	654	655	652	820	820	820	651	652	807	806	807	808	806	684	701	812	812	835	834	833	813	712	833	833	830	703	834	
841	840	841	841	842	841	839	840	839	839	806	806	835	840	841	803	802	842	837	837	807	809	810	812	812	568	594	589	632	633	630	571	566	635	568	569	568	751	742	571	752	753	593	595	635	748	765	598	765	747	748	749	733	641	642	736	735	734	737	734	639	730	730	731	627	728	732	556	650	650	650	650	633	638	649	556	636	558	625	642	643	555	553	552	637	641	642	636	634	649	649	648	635	634	699	636	697	707	702	705	702	707	708	654	823	822	652	820	653	653	654	808	809	809	694	685	694	811	812	835	812	837	833	832	831	832	831	704	
845	841	841	842	847	839	838	840	841	841	835	808	809	834	837	840	837	836	843	840	841	809	593	592	811	593	567	569	569	634	634	635	755	567	568	756	749	750	750	746	746	751	752	753	591	600	766	764	636	749	764	749	728	727	728	737	737	736	735	734	640	631	729	730	629	626	627	649	650	649	650	631	632	634	637	633	635	559	626	568	555	644	554	640	566	643	640	643	651	650	648	568	633	568	699	698	700	696	703	701	706	708	655	709	822	653	823	819	704	805	701	807	808	685	684	685	686	812	836	835	812	813	836	702	701	702	705	706	
842	844	845	842	848	841	840	841	841	840	834	836	837	838	839	839	840	840	839	554	555	555	557	809	810	570	569	568	569	635	814	635	816	568	574	756	755	750	751	750	747	743	745	746	601	601	599	600	763	751	626	763	763	623	770	729	767	642	735	735	641	641	630	628	629	629	630	631	632	628	641	631	648	638	633	649	636	627	631	567	567	569	567	641	644	578	566	568	569	652	649	649	567	700	635	636	700	700	700	701	709	707	748	653	654	651	824	705	703	705	806	808	808	686	685	683	701	813	836	836	814	814	814	701	703	709	709	707	
845	843	843	845	842	842	842	835	836	842	835	835	838	811	840	838	837	843	803	557	558	556	556	571	811	571	815	570	569	816	815	815	755	569	567	573	569	569	749	748	748	753	595	594	747	745	601	601	739	625	627	762	770	769	624	731	639	640	644	643	886	640	629	629	627	628	630	662	663	670	630	631	649	650	639	648	641	628	628	628	568	570	577	645	577	566	567	569	572	574	654	650	637	700	563	698	699	701	703	742	741	695	741	742	683	703	704	704	808	807	809	807	809	807	684	700	684	701	709	708	707	708	702	702	700	707	706	708	
846	845	846	837	844	837	843	837	836	837	837	836	811	811	839	836	836	842	806	805	557	558	573	571	558	558	559	814	570	570	816	574	575	567	566	574	570	754	597	598	745	746	747	882	744	746	884	635	636	626	628	642	771	640	639	731	730	729	730	644	887	630	629	628	565	564	565	663	669	631	629	632	635	651	650	649	654	653	629	630	569	567	570	567	646	578	569	569	565	564	564	636	654	655	699	699	698	702	572	742	700	694	742	743	682	684	685	704	705	810	808	753	709	752	753	699	699	700	701	706	708	706	702	703	708	707	706	705	
558	847	836	835	836	845	845	837	837	845	837	841	840	812	837	836	807	805	807	810	820	801	820	811	812	557	558	815	816	815	814	570	574	757	567	573	573	574	575	596	814	746	881	881	745	885	636	885	636	634	641	640	642	641	732	766	765	731	730	646	645	644	645	728	566	566	664	629	628	629	632	636	634	640	639	641	656	655	631	570	639	569	566	567	579	580	563	563	564	563	565	565	575	655	656	699	701	572	571	699	697	695	695	743	685	686	705	706	707	708	710	752	751	754	711	701	705	699	705	705	707	703	705	704	705	707	708	707	
558	557	836	836	565	566	839	844	844	836	841	842	846	840	837	836	820	806	808	809	818	819	812	574	814	575	816	565	566	565	565	564	564	640	758	811	574	574	575	813	596	882	817	880	886	746	884	885	635	637	636	641	640	766	767	731	886	729	646	647	645	646	732	735	735	665	665	665	561	633	631	635	637	642	642	556	655	570	571	557	556	557	558	556	581	564	572	577	560	580	576	566	574	701	574	572	573	572	698	572	700	696	696	744	749	684	706	706	707	711	753	711	753	763	701	703	704	703	706	709	706	707	688	689	704	702	708	710	
562	561	837	837	838	840	838	842	843	845	840	847	843	836	837	837	818	821	818	809	819	820	575	813	573	574	569	566	566	571	565	565	563	565	812	811	810	812	757	814	815	816	754	755	881	882	638	636	640	639	754	641	628	641	642	766	730	647	560	647	731	732	731	733	734	670	667	668	669	560	559	565	641	560	641	642	555	572	558	557	637	558	555	856	566	566	567	571	576	579	575	576	579	575	576	574	571	572	689	571	753	754	759	759	758	750	755	706	708	709	755	754	761	762	764	702	761	707	757	758	709	711	690	689	703	696	709	710	
562	844	838	563	564	837	841	838	844	841	846	843	844	837	841	838	819	819	815	817	827	571	572	573	572	574	570	570	569	565	567	567	587	563	811	804	811	804	756	814	815	757	881	882	883	886	639	640	640	640	638	638	888	627	643	731	563	564	893	732	647	730	732	733	668	669	670	562	563	633	634	858	564	561	559	556	556	560	640	640	638	859	858	859	855	567	568	573	580	848	849	849	849	850	576	846	575	574	688	572	752	754	707	708	709	754	707	705	703	710	703	756	760	765	764	762	706	758	758	710	710	709	723	708	692	691	692	710	
845	563	564	563	564	810	840	842	841	847	842	845	838	846	841	840	843	841	820	830	818	826	570	570	568	571	569	568	574	575	566	586	568	564	805	812	812	813	803	815	756	757	758	756	757	634	641	640	877	641	641	886	637	638	628	562	732	564	563	564	892	893	894	894	670	670	561	560	561	562	563	564	563	564	565	561	646	641	639	848	849	859	859	861	860	574	573	572	582	581	574	848	850	577	845	573	708	705	689	753	755	754	842	709	760	695	706	702	694	704	704	704	764	763	762	763	763	705	757	758	759	724	709	708	694	693	694	691	
564	564	563	565	566	811	568	842	848	848	843	848	847	845	849	842	823	840	841	829	828	830	575	567	571	569	569	566	575	561	567	562	585	584	811	586	592	804	805	804	805	757	639	639	758	639	639	638	875	876	877	639	640	643	639	890	892	562	563	894	896	892	894	895	654	655	654	561	562	563	562	563	568	567	567	566	645	647	647	640	640	643	860	859	859	856	862	573	572	583	575	846	847	709	847	846	704	758	755	754	691	697	696	843	761	694	707	695	706	704	703	705	706	764	763	762	712	711	704	703	706	710	725	711	695	694	695	692	
565	563	564	564	812	567	568	842	834	835	831	833	847	848	849	823	824	827	831	830	829	576	828	829	572	566	563	570	562	561	563	564	564	586	585	593	805	591	758	759	812	638	758	759	640	638	639	637	877	876	877	640	640	641	889	890	891	563	889	895	893	895	898	899	655	656	655	563	563	561	565	569	568	566	567	566	647	648	849	641	641	641	861	860	860	854	855	863	857	582	860	848	847	848	708	705	706	756	757	689	690	691	695	844	845	695	696	697	756	757	706	704	706	765	764	702	705	713	712	704	704	705	711	685	694	694	691	691	
