821	821	822	821	822	819	818	819	786	791	790	789	789	816	817	805	806	801	801	807	811	812	813	791	788	781	781	781	795	794	785	792	787	788	793	790	791	789	789	798	796	797	788	788	785	784	785	789	790	789	790	795	796	795	794	799	784	797	798	799	795	748	745	748	746	747	744	746	747	747	748	746	742	743	743	745	681	681	682	686	686	687	686	687	666	651	662	649	653	671	672	672	672	667	668	659	658	659	660	655	656	668	666	665	667	665	664	663	663	664	660	657	661	668	661	660	659	662	661	665	663	663	661	667	666	667	675	675	
822	820	822	821	824	816	819	820	785	786	790	790	791	818	804	807	805	802	800	803	806	810	813	787	780	783	782	780	805	792	793	784	789	786	787	792	787	790	788	797	795	797	789	786	787	783	789	783	792	789	794	793	794	791	793	798	797	783	798	796	800	801	747	799	744	744	747	748	746	746	747	747	747	741	744	746	747	680	681	687	685	686	687	688	689	663	650	654	652	674	673	673	671	667	670	665	659	659	669	669	662	667	668	668	668	667	662	663	644	662	661	662	662	660	667	660	661	662	664	665	660	664	661	666	667	668	668	674	
823	821	822	825	823	817	825	824	821	818	791	818	817	792	816	817	808	803	802	804	807	809	786	781	781	781	783	796	795	790	785	794	792	785	786	789	788	790	789	790	796	782	786	785	784	788	782	782	791	795	788	794	795	794	796	792	786	787	788	800	798	801	801	798	743	745	749	748	747	748	746	685	686	744	742	747	748	682	679	686	687	682	688	689	648	662	651	651	664	665	674	666	666	666	666	658	666	658	671	668	669	668	666	667	666	665	664	668	666	643	652	670	671	665	668	662	663	664	666	664	665	659	667	664	664	675	673	675	
822	822	825	823	824	816	823	823	822	790	819	790	818	818	820	817	816	809	804	803	803	806	791	790	788	784	787	780	797	796	792	791	793	801	805	807	789	790	789	779	789	790	791	792	785	786	781	783	793	794	794	795	795	794	793	790	786	785	786	800	799	801	800	799	800	742	748	748	747	749	685	684	745	751	677	749	750	750	751	752	683	678	681	682	683	665	663	664	663	662	662	667	665	666	674	659	659	662	662	660	667	664	663	664	667	664	669	643	642	671	669	669	671	655	667	668	661	668	664	660	665	655	663	665	663	665	674	676	
824	824	824	824	822	824	824	822	821	820	792	820	819	821	819	821	807	817	804	802	787	803	783	791	789	785	795	796	795	798	793	805	792	803	804	806	807	807	778	788	781	792	791	793	786	786	785	793	792	795	795	793	792	794	776	789	776	787	790	790	801	808	812	799	801	743	810	748	746	748	682	680	681	677	676	677	676	749	758	679	677	682	683	684	663	684	665	666	660	659	664	666	666	667	675	660	676	658	659	668	673	664	663	660	661	664	665	670	671	672	670	671	670	656	664	663	662	667	661	661	661	661	654	654	664	665	666	675	
821	823	817	816	824	815	823	823	825	826	793	794	795	805	820	804	808	806	812	811	786	788	784	806	804	796	786	794	791	792	807	807	806	806	807	803	778	779	779	784	780	782	792	786	787	784	783	793	790	796	794	780	784	781	790	791	790	789	789	802	802	809	807	808	809	809	815	747	745	741	749	681	682	680	754	753	678	677	680	757	686	684	686	684	664	669	685	661	665	665	660	665	667	670	668	671	659	665	666	665	672	673	661	662	663	663	671	672	669	641	653	672	671	671	671	665	668	663	672	662	660	662	654	653	675	655	666	668	
808	812	811	810	825	817	816	818	818	824	827	823	795	825	802	803	801	807	813	785	807	808	786	805	805	781	782	790	795	796	789	806	794	805	784	791	792	780	783	781	780	781	788	793	788	791	795	781	796	788	795	780	779	791	791	789	780	791	805	804	802	804	803	806	813	814	816	816	746	742	742	743	682	681	681	755	679	744	743	744	681	685	688	687	665	665	668	686	662	662	663	664	670	666	669	670	664	665	666	667	666	662	663	664	656	663	673	674	661	657	652	672	669	686	670	686	687	667	671	661	662	661	664	661	654	674	684	667	
813	815	812	811	814	818	803	817	818	823	825	824	802	803	800	806	808	811	811	814	780	787	789	806	788	789	791	790	794	795	803	807	793	801	783	791	790	789	790	784	782	787	788	789	789	784	785	794	780	787	789	781	776	792	790	792	792	806	783	801	803	803	803	756	756	812	690	690	688	743	683	685	742	741	758	756	757	743	742	743	686	682	688	689	687	688	666	658	661	662	664	663	667	664	668	665	663	667	668	670	677	675	676	677	676	659	656	662	660	659	658	685	685	686	687	684	686	672	662	663	661	660	673	663	655	675	682	683	
812	814	809	812	813	815	804	804	824	819	819	821	810	801	802	801	802	809	812	782	779	780	805	808	807	781	782	783	784	795	796	794	794	802	786	783	790	793	791	794	793	779	787	788	788	785	793	795	781	784	788	780	782	791	792	793	794	793	804	804	805	804	804	755	754	813	813	685	687	689	744	684	686	684	757	738	737	683	744	687	636	632	689	635	656	655	655	673	672	662	663	665	667	667	655	664	669	666	662	663	676	667	667	675	677	657	658	659	658	641	642	684	685	688	687	685	673	684	688	679	663	663	686	828	828	683	676	683	
813	814	813	818	812	816	814	817	805	818	820	810	809	803	813	803	802	803	780	779	778	778	804	781	808	808	782	783	784	787	802	801	803	785	784	784	790	791	792	794	795	794	785	794	789	784	782	784	782	783	789	784	783	793	746	783	746	788	805	803	804	753	751	805	806	755	814	815	689	688	753	755	673	687	758	737	736	684	742	637	741	635	634	635	635	656	655	656	672	664	663	655	653	654	667	668	669	667	669	671	668	666	675	669	660	659	658	663	662	642	643	683	644	686	687	686	688	686	683	689	682	662	829	685	684	827	828	829	
816	814	814	813	814	815	816	809	818	806	821	811	810	808	804	812	802	802	795	780	779	779	780	782	805	784	783	789	790	801	803	808	805	806	805	785	788	791	793	793	795	795	789	784	786	785	786	781	783	790	786	784	791	786	793	745	787	789	806	804	744	807	750	751	756	753	754	816	689	689	755	754	672	673	674	738	743	737	683	640	636	633	635	929	634	655	657	655	668	669	650	672	655	667	655	664	669	668	670	683	672	671	672	668	670	660	672	661	663	661	641	643	691	687	687	652	688	688	682	681	683	679	678	827	686	825	828	684	
817	810	810	811	810	815	810	822	822	822	823	812	811	811	802	802	797	794	793	804	780	781	782	783	785	814	784	793	792	804	801	803	807	806	805	787	788	790	792	792	794	794	785	784	785	792	779	781	782	784	784	792	790	789	793	788	786	746	747	805	806	743	754	756	757	758	810	755	690	691	753	751	755	673	674	742	683	682	639	632	637	638	928	928	635	654	655	656	667	674	671	667	656	656	671	665	667	683	682	683	682	681	672	671	664	670	671	671	660	642	643	642	645	688	653	686	687	690	689	661	680	679	679	687	687	829	826	825	
817	819	809	811	810	814	816	817	821	823	824	808	812	813	812	796	795	792	794	805	805	781	782	783	786	785	785	779	805	800	804	804	803	807	809	808	786	785	794	793	793	786	786	788	786	805	804	780	784	783	783	791	789	788	790	787	747	804	805	748	749	744	756	755	756	813	753	753	754	755	690	756	742	741	672	743	741	674	638	745	633	627	927	929	656	670	656	668	675	668	669	670	670	670	667	668	666	669	682	681	672	672	670	671	673	663	662	661	659	661	646	663	646	654	652	655	663	659	659	660	680	821	680	678	830	828	858	857	
818	818	818	816	818	817	788	819	822	807	809	805	808	809	797	803	796	792	810	809	783	782	809	804	805	804	784	782	804	803	803	813	811	810	810	807	787	807	786	794	787	787	787	785	784	806	806	805	784	782	787	790	791	791	787	790	793	748	803	804	741	741	757	757	757	753	752	753	752	753	756	755	676	676	741	741	745	744	743	639	746	928	656	655	655	654	669	952	953	676	672	672	671	672	669	668	676	668	674	672	676	671	672	674	672	661	668	669	670	662	645	646	662	661	662	657	661	662	663	669	669	822	827	828	858	831	858	859	
813	819	816	817	818	818	818	787	788	790	805	807	806	806	806	804	795	803	793	803	791	808	810	805	782	783	780	783	805	805	811	812	776	811	806	785	786	787	787	788	786	788	798	800	803	802	804	806	781	785	783	791	791	788	795	794	789	804	798	804	740	742	805	756	752	751	752	754	754	755	756	744	675	674	668	669	673	745	744	640	747	744	745	657	658	670	669	670	951	671	671	957	673	670	671	670	676	675	675	671	675	672	670	663	665	669	669	667	668	668	662	663	660	663	658	656	658	663	666	670	669	670	671	828	856	858	859	859	
812	812	810	811	812	790	789	788	788	787	789	807	808	807	805	807	806	804	804	802	810	811	810	676	675	676	676	806	782	813	812	813	777	787	788	784	787	787	794	793	789	795	799	800	801	803	803	805	806	782	784	787	792	792	793	794	796	799	746	745	746	804	753	753	754	810	809	809	755	757	758	757	758	676	677	674	674	674	935	641	744	746	745	658	671	671	672	656	952	671	956	958	657	655	672	667	657	658	674	675	670	676	664	666	666	668	668	663	667	678	678	679	664	660	664	659	662	667	668	665	670	819	818	858	857	856	855	860	
811	813	812	811	807	811	810	788	787	788	789	810	810	804	795	812	795	805	816	804	803	805	810	673	677	675	680	678	783	820	812	774	775	788	785	809	777	784	800	799	796	800	779	791	802	797	806	804	783	783	783	786	787	788	742	741	742	743	746	748	747	753	752	755	756	755	808	810	804	806	758	758	758	677	675	675	677	750	933	934	925	745	659	660	960	673	671	953	655	660	959	660	669	673	651	667	658	658	675	665	680	671	682	665	675	665	667	665	674	666	677	679	679	660	659	660	660	684	683	821	823	659	823	860	682	683	679	678	
816	814	812	806	808	811	812	806	804	788	811	810	809	807	805	811	796	817	813	815	816	790	805	809	679	678	677	679	812	821	822	778	777	776	810	811	789	788	801	797	801	801	794	795	796	803	798	798	798	785	785	784	789	744	793	794	741	799	744	749	753	752	753	754	813	812	810	805	805	807	808	759	671	811	676	679	742	745	932	934	746	660	962	963	960	959	960	670	661	662	659	670	674	650	919	652	668	667	666	678	665	681	665	674	675	674	677	668	660	673	678	678	679	669	661	660	686	684	684	819	822	823	822	679	859	681	680	679	
807	815	816	808	807	807	805	810	806	807	808	809	805	806	808	809	807	806	805	804	789	684	678	677	810	811	682	680	680	822	778	778	825	777	790	776	790	789	788	799	800	794	797	791	806	798	799	796	797	786	786	786	802	799	743	744	802	799	800	745	744	754	754	754	813	811	811	749	750	808	809	755	810	809	743	741	680	744	678	679	662	679	964	961	960	961	960	655	655	662	660	657	651	651	652	669	921	920	677	676	683	681	677	676	673	676	669	679	678	674	679	680	667	673	670	669	668	685	669	821	689	690	682	860	860	861	678	680	
807	806	816	806	808	804	808	806	805	806	808	809	807	807	808	809	808	811	807	807	803	683	685	680	798	681	677	677	780	779	778	777	826	824	825	789	790	789	796	796	793	798	796	807	807	807	797	808	808	801	787	786	802	801	744	803	801	801	800	802	746	756	758	795	755	812	812	808	751	807	808	756	677	744	744	746	745	746	745	663	664	680	681	962	960	658	961	656	659	658	658	656	658	652	652	921	922	922	922	683	682	682	672	672	673	674	678	679	678	675	676	669	665	666	671	668	668	668	670	670	823	679	823	681	683	679	680	681	
804	812	807	808	807	808	822	820	809	806	810	808	802	801	809	820	812	812	811	806	807	684	686	686	679	680	678	677	676	825	824	779	827	823	825	791	791	790	797	798	797	792	797	795	808	808	808	807	806	807	800	799	797	803	802	802	803	804	802	801	803	757	757	796	796	797	751	750	753	754	757	758	811	743	681	681	680	924	923	665	662	660	681	662	657	659	657	655	656	656	657	655	653	922	921	922	923	923	675	649	684	684	685	671	673	680	684	684	679	678	678	680	681	680	681	668	667	669	673	824	687	688	682	682	682	681	680	681	
817	803	813	808	809	806	823	821	810	810	807	809	803	808	819	808	808	813	810	809	685	808	685	810	680	679	681	677	677	825	823	779	780	823	828	826	827	795	795	797	790	788	791	794	788	807	806	807	808	809	801	752	798	798	804	803	656	804	800	802	803	802	795	793	757	755	756	757	758	813	812	812	813	744	682	682	682	924	666	769	939	940	661	940	656	657	660	661	651	655	657	662	652	756	923	922	923	756	648	650	648	683	684	672	680	683	683	681	679	677	681	679	679	681	679	674	691	672	689	690	691	692	678	681	682	678	679	681	
816	804	802	809	807	821	807	811	812	808	807	804	807	806	805	809	804	804	798	810	813	814	809	680	811	681	686	680	678	825	826	780	801	802	782	789	788	794	796	796	797	789	789	795	790	808	807	809	808	752	751	753	803	801	802	803	805	655	801	802	797	796	794	794	754	753	756	757	673	814	757	813	814	812	683	682	770	771	771	771	940	939	939	658	659	656	661	662	660	650	654	655	657	653	754	755	660	658	649	649	649	656	650	676	684	671	682	684	681	680	681	680	668	680	673	692	673	674	675	692	691	690	689	690	678	677	678	679	
817	803	805	801	802	812	823	806	807	811	806	806	807	806	807	806	803	810	797	797	811	812	815	810	681	807	807	687	681	823	803	802	791	790	787	790	801	793	796	795	797	801	790	792	791	791	809	798	801	799	753	752	802	803	803	804	805	655	802	798	758	796	795	796	754	808	758	804	757	756	756	757	814	815	684	768	770	742	770	772	941	940	663	658	657	656	661	659	661	649	657	656	654	755	923	754	659	660	650	651	652	649	684	675	672	672	678	683	683	683	668	667	669	681	678	693	863	692	692	692	691	691	835	678	679	678	683	680	
804	802	799	800	811	804	813	809	805	806	805	800	800	797	798	801	796	797	796	797	813	839	840	816	682	683	804	687	682	683	805	806	792	803	788	804	802	789	798	799	796	797	799	790	792	792	801	801	802	754	799	798	799	803	804	755	753	655	806	805	804	805	797	808	807	798	806	807	675	673	758	758	763	764	816	767	767	763	934	786	787	786	941	658	657	657	658	660	651	650	657	667	752	757	924	920	661	659	659	910	648	680	650	677	673	677	672	681	681	684	669	668	669	679	857	679	864	863	693	692	692	692	688	685	680	679	681	682	
803	800	801	800	805	814	805	810	806	807	677	799	798	799	802	802	796	798	796	804	837	814	839	798	798	796	805	806	683	688	804	805	806	790	805	803	801	803	799	798	797	806	800	801	803	801	801	800	799	798	800	800	799	805	805	806	754	761	656	805	805	797	803	807	797	806	808	675	674	782	759	759	764	765	764	768	766	764	935	788	785	784	786	963	664	659	656	661	662	755	755	755	667	925	667	919	755	756	909	651	679	680	677	674	678	677	678	677	680	682	669	670	858	856	858	861	862	685	682	683	692	693	684	685	680	689	680	678	
803	800	799	801	813	807	806	677	810	807	676	800	798	803	800	801	816	795	805	803	839	836	839	805	804	799	807	810	809	810	805	805	807	791	801	801	804	802	804	805	807	805	801	788	802	800	801	800	797	798	799	801	793	804	754	753	652	651	760	657	658	796	798	808	800	805	808	676	808	780	781	778	765	785	766	766	765	768	765	786	786	788	787	962	963	663	660	663	756	755	754	754	756	666	666	754	921	907	908	650	650	909	681	688	689	680	678	678	681	683	671	691	866	857	866	685	863	863	682	683	839	693	685	689	688	679	682	677	
799	798	800	801	808	807	808	809	688	683	682	799	841	842	801	802	797	815	796	804	839	835	837	840	805	807	811	809	805	807	804	805	806	807	792	802	802	803	803	805	791	792	788	787	803	797	794	798	798	798	803	793	805	805	758	759	759	755	761	753	658	797	804	801	800	809	774	807	810	809	777	778	642	767	777	777	767	779	768	767	940	941	939	939	963	661	663	660	756	663	666	755	755	665	667	668	908	922	909	911	908	909	909	687	681	682	679	682	684	685	685	867	858	867	865	864	684	864	686	686	684	684	686	686	675	675	680	676	
800	801	799	812	799	809	684	684	687	680	684	842	840	841	806	687	687	795	816	798	799	793	689	793	802	806	808	805	804	808	803	804	806	694	792	803	812	804	806	806	806	790	789	803	788	795	796	797	803	792	799	794	759	804	757	760	804	803	805	753	752	795	806	805	806	654	775	806	814	815	776	942	941	785	775	776	777	646	778	941	789	790	938	938	662	662	662	661	662	665	667	665	671	666	666	669	669	909	912	911	909	907	910	911	691	673	672	675	683	686	685	686	868	866	687	688	865	690	685	703	703	685	686	686	675	677	677	678	
820	821	798	798	813	801	683	684	681	678	801	801	803	842	805	686	687	840	797	795	794	800	794	688	807	803	804	785	806	806	806	805	695	800	693	804	813	810	809	810	807	808	792	790	791	793	796	794	795	801	800	801	759	758	759	760	759	669	804	671	751	654	656	656	653	656	815	811	807	777	643	643	644	776	776	769	645	941	940	779	942	790	940	939	939	661	666	662	939	666	666	669	672	667	758	674	908	909	910	909	910	909	906	911	907	908	907	908	674	682	687	676	688	687	687	687	689	686	689	704	702	690	691	687	688	689	690	674	
827	801	801	799	800	812	824	682	685	683	679	681	802	801	685	687	687	839	796	817	801	795	820	691	690	687	784	689	802	808	807	800	799	802	803	802	805	796	810	811	809	791	792	824	792	796	802	798	802	797	802	801	661	803	805	805	758	759	671	670	753	670	655	654	654	811	814	657	814	673	642	642	947	947	644	643	945	645	941	780	935	791	791	941	942	669	939	938	664	665	666	673	668	759	673	664	671	907	910	911	909	908	910	907	909	687	685	685	686	687	689	686	688	686	688	689	690	690	701	705	705	689	692	677	676	675	675	675	
826	800	800	801	813	822	823	822	823	824	803	814	800	803	813	797	689	688	816	841	818	821	821	819	787	821	688	801	783	786	785	785	803	804	801	796	797	809	797	810	792	825	792	823	793	803	808	799	797	796	802	668	802	661	660	804	805	667	669	673	661	662	655	654	812	813	656	813	778	674	643	643	947	946	945	944	646	945	947	940	792	937	940	938	939	668	939	936	937	938	674	666	670	760	674	663	917	910	910	910	911	918	908	906	906	686	686	684	688	690	687	688	686	687	689	699	689	666	663	699	700	692	693	677	676	676	842	676	
825	826	821	699	700	701	696	696	823	816	813	814	804	814	817	798	798	698	816	815	817	818	796	819	820	790	689	802	785	787	786	785	786	801	795	802	797	796	809	810	826	824	793	827	802	826	808	807	822	760	666	803	659	802	801	674	676	670	672	671	672	657	655	656	656	811	655	814	669	669	644	948	768	792	792	791	647	648	946	946	948	941	671	938	669	667	666	937	938	937	673	674	665	672	663	916	911	911	909	910	910	909	668	670	668	667	685	684	683	684	685	689	688	692	692	699	689	665	665	698	664	855	678	692	678	843	844	843	
824	822	815	816	698	815	702	703	816	815	817	818	817	803	811	816	699	814	699	698	816	801	797	823	821	821	789	787	785	785	785	787	802	800	796	796	797	797	797	810	797	825	826	824	823	824	825	823	821	667	759	669	658	802	675	677	675	669	673	671	672	664	657	657	657	661	670	671	668	680	949	645	769	791	790	944	946	945	946	937	947	672	939	670	671	938	668	667	937	672	665	666	666	671	917	917	912	912	911	924	924	925	669	667	666	685	683	682	687	684	685	684	697	698	691	675	664	664	691	663	854	665	693	715	716	851	846	845	
823	686	699	698	697	691	697	698	695	817	818	816	815	818	815	698	699	698	699	698	699	791	798	823	822	794	793	794	786	786	786	794	799	799	798	798	797	813	797	796	811	813	824	824	824	792	822	807	822	807	760	659	657	658	659	672	671	670	662	672	665	666	663	664	658	662	670	671	669	669	671	766	768	769	791	790	792	943	947	788	938	792	791	671	672	937	668	671	938	666	667	666	673	674	675	911	910	911	913	923	695	673	923	670	668	682	691	690	686	683	699	686	700	699	680	676	677	690	664	856	703	855	694	694	708	715	852	846	
688	689	688	690	692	690	697	698	700	696	821	819	814	816	816	816	815	701	697	700	791	790	791	822	807	792	793	792	787	793	800	795	800	800	800	807	796	814	812	795	812	812	827	823	825	825	791	792	806	822	676	674	658	658	673	665	671	663	761	760	666	666	665	665	659	665	668	667	672	764	670	769	793	794	667	667	789	793	794	795	937	939	940	940	938	943	934	949	952	949	953	906	665	915	912	911	929	671	912	914	674	672	673	669	683	671	692	686	687	686	690	689	701	703	681	682	678	700	701	702	692	704	705	712	712	709	680	679	
689	689	690	689	689	698	689	806	807	690	820	820	816	815	700	698	697	700	700	698	699	792	823	806	805	794	793	794	788	646	799	652	653	799	796	797	810	797	813	794	646	646	824	645	827	826	827	792	821	674	675	667	787	672	673	666	666	762	664	672	667	665	666	664	666	664	668	666	673	663	765	770	668	768	666	789	939	938	939	937	935	936	941	943	942	905	947	948	948	951	952	686	930	917	916	917	930	937	670	673	671	672	674	673	670	670	672	694	687	687	688	689	705	681	680	681	680	703	704	710	703	709	711	699	710	679	678	680	
690	688	687	691	690	806	805	801	802	808	809	818	809	810	816	815	701	699	699	700	793	700	805	809	808	794	791	789	789	645	797	647	647	648	797	651	652	653	793	795	795	645	644	826	793	827	827	828	673	674	676	805	786	673	667	668	667	670	673	663	666	668	666	665	658	667	665	666	667	681	680	791	768	667	670	667	937	940	938	939	936	937	947	942	930	948	904	947	950	949	687	941	688	929	928	928	931	934	671	671	672	672	671	671	672	688	696	695	696	688	646	676	690	673	674	675	702	704	684	854	709	708	708	711	698	680	698	681	
691	691	808	688	687	691	689	809	801	693	819	811	691	808	817	813	702	700	702	794	796	795	806	804	809	809	789	647	647	645	645	796	797	648	649	802	802	794	795	794	827	646	826	794	826	794	821	822	675	804	670	785	675	674	788	789	671	668	669	671	664	663	666	667	666	666	680	668	669	682	771	767	790	669	668	668	670	671	940	939	938	946	944	943	946	905	945	944	950	688	687	687	942	929	928	936	937	917	672	675	686	673	672	674	667	689	693	694	646	645	676	675	676	675	680	680	705	703	683	684	855	712	709	699	706	697	695	681	
692	808	807	808	689	816	812	811	812	820	810	810	691	816	815	812	816	703	700	701	797	796	796	793	791	806	787	646	644	648	645	648	653	655	649	650	799	801	795	796	829	830	829	825	828	826	795	789	823	809	805	807	676	787	784	672	787	670	670	675	663	665	666	668	668	669	670	679	683	770	772	668	668	667	668	769	938	671	941	941	940	941	942	947	946	947	952	951	904	905	694	688	943	928	930	937	934	935	674	674	685	664	673	667	665	666	690	695	693	936	646	675	676	676	675	681	705	693	694	683	711	710	711	700	698	694	695	682	
694	693	808	807	811	815	816	813	804	803	810	809	806	816	817	814	817	813	797	796	794	797	797	792	790	789	788	789	646	650	644	644	656	655	647	646	650	825	801	827	649	828	827	827	827	827	835	836	790	791	808	809	808	785	672	673	674	662	661	662	664	663	664	667	669	665	666	671	670	769	771	667	668	673	770	772	669	672	937	938	951	949	943	943	945	944	947	952	906	932	927	693	915	929	693	934	933	934	686	686	685	686	670	699	666	667	649	651	692	934	935	698	934	686	682	689	692	704	684	682	711	711	834	710	699	697	698	682	
694	799	808	810	808	817	818	804	814	802	811	805	808	818	817	813	816	796	797	797	798	798	795	796	793	797	796	790	649	645	645	645	646	655	655	650	649	824	828	820	650	831	828	653	828	834	788	788	789	668	792	835	834	728	728	728	789	675	663	662	673	672	671	674	673	674	675	676	671	671	668	676	672	673	674	773	771	940	671	937	950	947	947	946	945	952	946	944	932	931	694	694	914	932	694	934	935	687	687	685	687	670	669	671	698	650	649	652	693	694	697	696	697	689	690	688	705	703	695	702	701	710	835	701	700	700	699	683	
801	800	817	816	809	804	803	808	807	806	814	807	808	818	694	694	693	797	799	798	798	799	796	797	797	797	792	647	646	646	647	649	648	654	649	649	823	829	825	819	820	821	830	654	836	829	790	788	667	666	667	668	835	724	727	726	726	790	669	676	809	666	663	664	673	672	671	677	678	668	669	673	676	952	674	773	772	672	936	949	937	936	947	947	950	951	943	944	934	935	936	695	913	929	931	936	688	937	679	676	690	685	671	670	699	651	651	654	692	692	703	698	699	698	689	691	702	704	694	696	702	700	837	834	834	835	683	684	
798	807	817	818	819	820	803	807	808	813	808	809	810	817	691	816	694	818	798	797	777	779	795	796	796	799	799	800	647	652	653	649	649	650	667	822	650	826	827	826	828	821	826	837	838	835	790	668	667	668	806	836	669	728	725	725	726	805	805	668	667	808	665	674	674	673	671	678	667	670	669	675	950	951	668	772	669	670	950	951	948	938	780	942	948	949	942	942	936	931	935	936	930	930	920	919	937	678	688	668	679	678	670	671	700	673	653	650	705	691	704	704	689	685	684	698	703	693	690	702	698	836	701	701	835	697	680	682	
806	818	804	804	805	812	813	808	806	807	804	809	806	692	818	692	779	817	798	819	776	796	797	797	799	798	801	655	651	653	648	647	648	666	823	823	653	653	654	829	829	829	835	830	834	835	791	668	714	722	720	805	723	800	726	724	798	806	806	807	808	809	675	668	667	669	670	788	678	679	671	669	951	949	667	772	771	772	773	673	948	779	677	940	938	949	941	953	936	935	911	911	912	908	915	921	920	687	686	690	679	680	681	670	708	707	674	651	704	692	705	699	933	685	686	705	704	704	694	697	696	836	701	700	700	699	819	699	
807	807	803	803	807	806	811	812	806	804	806	805	810	775	774	780	813	819	773	775	781	795	799	796	788	799	655	654	652	650	650	651	649	663	667	665	825	652	827	668	832	833	832	829	836	712	712	713	715	721	804	806	719	799	726	726	725	799	802	808	802	670	810	668	669	787	670	677	673	672	670	670	948	950	666	773	772	779	671	674	778	942	676	939	940	950	950	944	952	952	951	952	911	916	914	912	913	689	687	687	691	678	671	672	704	705	706	707	705	706	688	932	662	686	687	942	705	707	706	707	707	700	834	702	703	700	818	818	
808	805	805	804	807	810	808	812	805	805	807	806	775	811	821	822	770	772	772	782	783	796	798	796	797	787	798	797	798	799	649	648	647	650	648	668	824	825	658	667	834	835	831	832	713	714	714	713	726	808	722	718	800	800	727	725	726	804	803	801	803	668	669	669	785	786	787	788	789	672	671	674	671	949	667	765	774	774	674	957	674	675	958	940	939	941	943	954	952	951	951	910	908	911	701	913	690	690	690	691	688	672	699	705	705	704	708	704	692	934	689	692	687	661	689	688	941	942	941	942	707	835	701	683	704	838	818	817	
806	805	806	805	806	811	805	804	824	806	807	807	807	808	819	772	773	771	772	777	797	798	797	790	789	799	798	652	653	795	796	651	649	647	670	651	825	824	824	659	668	711	676	838	712	715	726	725	724	727	723	801	725	723	801	802	727	801	802	804	802	807	653	667	668	787	788	676	671	662	942	672	675	952	950	674	675	677	677	942	956	676	941	957	947	940	941	953	951	910	909	911	909	911	700	699	692	689	692	690	677	689	698	700	704	705	709	708	693	691	691	690	696	690	696	690	689	940	939	708	709	708	684	836	838	820	821	690	
806	807	807	811	808	807	803	804	823	818	807	806	818	808	809	772	771	774	775	778	779	798	798	797	798	804	657	653	659	796	652	651	650	648	669	668	667	825	670	669	712	675	712	713	839	709	711	716	717	717	716	726	810	726	728	803	802	809	810	804	803	789	806	686	788	789	787	788	677	664	663	664	760	951	673	674	673	769	676	958	955	956	959	957	958	942	945	921	911	912	911	910	912	699	910	689	698	691	689	690	691	690	699	703	703	710	693	692	692	692	692	664	663	691	859	858	691	704	939	704	705	708	705	838	837	822	689	689	
811	810	812	806	806	825	825	822	805	815	819	808	809	819	773	810	775	795	796	799	779	780	800	801	799	800	805	661	804	658	651	662	710	651	669	710	671	674	675	670	670	676	679	714	710	710	712	716	712	714	715	716	718	809	811	810	802	804	804	803	804	805	686	789	686	790	686	953	955	954	762	760	763	761	675	675	676	678	677	957	957	958	958	959	959	944	779	946	920	947	913	911	911	703	702	690	697	697	692	693	692	693	680	704	705	705	704	694	706	661	693	666	698	699	690	691	939	707	705	704	706	706	709	710	839	824	688	826	
813	811	813	789	789	809	824	824	767	766	815	816	817	815	818	776	772	791	801	798	796	796	800	800	804	800	660	808	807	805	805	661	654	655	708	709	673	669	675	688	676	675	680	678	679	710	717	711	712	667	715	717	810	812	813	810	803	808	805	682	685	684	685	687	683	685	687	955	954	953	761	762	761	762	760	961	958	958	679	766	956	959	960	960	960	961	781	781	922	921	912	913	927	928	691	701	696	694	694	691	679	679	671	670	671	668	706	705	662	694	665	666	699	697	941	942	940	705	704	705	705	706	830	830	711	689	825	827	
812	808	814	782	788	824	823	825	826	768	813	816	817	816	817	771	773	802	799	800	795	798	803	799	803	801	800	801	661	664	805	804	655	665	668	709	708	674	687	677	711	677	672	679	709	710	713	712	666	714	665	716	809	814	811	811	811	809	807	805	803	804	686	687	689	688	688	951	962	955	954	760	761	762	962	767	768	959	765	769	957	790	791	784	781	961	782	780	782	923	928	929	928	702	702	697	695	705	703	704	697	697	698	681	669	693	669	685	694	665	666	666	698	697	686	942	943	705	706	820	819	705	932	829	826	827	828	826	
813	809	810	809	810	824	786	826	769	823	814	812	832	831	767	772	803	812	813	796	797	800	797	802	802	803	802	799	665	665	665	666	664	656	709	710	685	688	687	710	712	682	671	671	672	714	678	662	663	665	662	665	665	811	804	812	807	808	810	680	804	805	688	688	681	690	687	953	959	963	956	762	761	767	766	768	770	768	769	770	769	768	771	785	783	783	781	781	787	788	929	927	930	703	938	696	694	704	696	697	695	696	681	679	682	681	708	674	692	695	666	942	684	685	941	943	944	819	942	943	822	930	931	932	834	833	825	826	
812	813	809	808	788	790	786	785	786	823	813	787	831	830	767	766	804	811	797	796	801	801	799	803	804	799	798	797	798	664	808	664	824	714	716	714	689	691	692	684	685	714	672	672	673	677	678	663	664	661	666	667	666	716	717	805	813	680	811	683	687	806	689	680	682	682	958	688	958	959	957	959	763	762	763	769	780	777	778	769	769	770	784	783	785	782	786	786	787	788	781	926	930	783	925	783	940	693	695	697	706	682	678	680	679	680	675	676	711	667	694	691	941	941	942	819	944	820	820	947	821	946	932	833	834	835	837	838	
791	790	789	791	789	789	785	787	827	827	828	832	786	830	768	767	797	798	797	798	799	802	800	802	807	805	799	693	694	807	688	666	825	715	715	826	690	714	688	682	683	682	682	682	674	679	665	663	662	663	667	663	714	810	806	807	807	805	806	812	686	685	679	680	662	680	681	959	959	958	961	764	960	767	768	779	776	772	771	770	779	779	781	784	784	783	778	785	787	789	788	927	929	926	782	782	694	694	695	698	681	682	680	680	679	680	681	710	711	820	695	821	820	943	819	819	819	945	946	824	822	821	825	826	834	835	838	836	
790	811	788	790	788	785	786	788	826	829	829	793	793	829	831	796	798	796	798	806	801	806	802	801	808	805	803	693	692	687	688	809	667	826	825	825	826	715	715	713	681	683	683	681	680	681	680	664	665	717	665	666	664	809	809	809	808	661	685	807	685	686	679	680	686	663	664	960	959	960	961	962	770	769	768	768	777	773	771	779	778	780	785	775	782	782	784	788	789	788	789	928	673	783	781	781	693	692	696	693	684	681	679	680	679	680	679	680	664	820	819	820	821	816	818	818	819	946	820	821	823	949	822	835	841	839	836	837	
810	811	789	785	784	790	789	831	791	792	792	830	795	794	795	796	805	798	796	807	805	805	800	799	805	804	802	804	693	689	689	808	806	810	826	827	810	689	810	714	684	810	810	811	682	682	686	668	663	718	719	665	663	717	810	666	667	809	667	664	659	687	679	685	749	814	813	814	815	924	922	768	770	780	781	767	777	778	780	780	779	781	926	774	783	774	783	782	792	790	792	672	674	674	675	779	784	677	695	692	693	685	683	679	680	680	683	680	663	665	665	820	820	819	817	821	699	821	947	819	824	824	934	838	840	838	837	823	
810	811	790	790	787	790	790	792	826	793	790	831	795	794	795	796	799	803	795	797	806	807	806	803	804	815	803	802	691	688	688	804	807	805	809	807	808	809	690	809	810	809	812	811	685	684	686	668	668	669	719	668	667	664	667	668	669	687	665	665	671	660	669	683	750	814	814	816	809	923	923	769	771	779	782	781	780	779	779	780	928	927	775	782	775	775	783	784	783	793	791	781	780	780	778	677	676	678	694	681	680	682	682	682	680	684	679	700	666	664	666	697	698	684	698	947	818	698	948	825	825	824	839	838	839	840	825	824	
811	805	830	831	787	799	797	827	800	795	795	789	791	792	795	806	800	794	802	835	691	805	807	808	804	814	689	803	692	692	803	675	809	808	687	686	809	691	810	809	808	683	682	682	680	666	664	667	665	668	720	667	667	666	667	668	668	688	668	668	667	670	670	670	751	815	816	815	924	924	924	924	771	770	942	782	780	779	780	779	781	776	783	776	781	781	786	784	794	792	674	672	781	779	779	680	680	677	682	680	681	683	681	681	683	678	703	701	690	700	665	671	696	671	683	817	697	949	950	826	825	824	823	840	817	822	823	825	
790	804	831	788	788	801	800	801	831	794	796	790	799	792	805	806	807	808	806	690	806	686	808	683	687	814	813	688	804	803	802	690	676	695	809	806	810	686	684	683	809	810	683	681	671	669	668	666	666	668	669	721	668	668	666	664	670	667	668	667	668	668	669	811	752	813	817	816	816	925	814	937	925	941	771	777	776	777	780	778	778	783	782	777	778	780	785	782	795	675	673	671	678	677	678	679	680	679	681	679	680	682	682	682	681	680	701	699	700	703	701	665	670	672	820	815	816	819	827	819	823	824	821	824	816	825	823	824	
803	789	830	828	789	801	800	797	801	799	791	791	822	822	804	802	805	794	806	691	685	807	685	689	686	687	688	814	813	803	804	679	681	694	696	810	807	685	682	685	694	694	682	681	670	667	672	667	667	667	668	732	732	733	663	662	669	668	669	669	672	671	669	811	814	814	816	818	817	937	937	926	772	942	924	932	778	781	778	781	776	779	780	783	779	782	783	787	781	796	672	672	677	678	677	682	681	679	678	681	674	675	684	683	682	681	702	698	701	700	670	669	670	819	818	823	822	823	820	819	818	820	825	820	819	823	823	821	
802	803	827	830	829	799	800	801	800	802	792	793	791	823	824	803	819	803	689	689	692	687	690	691	676	687	676	816	815	814	680	680	681	681	695	694	697	680	686	681	686	695	696	683	671	669	671	670	684	668	673	731	731	732	728	727	670	671	672	670	672	672	672	676	811	810	817	817	937	818	936	938	781	782	783	784	934	779	778	777	777	781	785	784	781	780	791	789	788	690	673	673	679	678	678	679	682	670	683	674	682	683	682	683	685	702	703	668	703	701	683	681	671	827	819	821	822	821	819	817	817	818	829	687	686	827	822	823	
804	821	804	830	798	801	800	802	803	801	798	798	792	790	827	803	802	805	689	688	688	693	689	678	677	816	815	678	683	684	681	680	681	684	692	696	693	694	682	687	683	683	682	685	670	672	672	671	671	675	732	733	673	729	731	738	672	672	674	673	669	673	673	674	675	676	818	706	707	706	707	708	709	782	928	927	780	925	778	779	782	780	782	782	782	790	913	790	782	689	681	680	680	785	680	677	678	683	684	673	673	672	681	681	684	673	674	701	704	705	824	682	826	828	820	821	822	818	819	816	816	818	823	824	821	824	823	821	
820	819	809	808	831	803	801	802	798	791	799	795	799	797	820	819	819	690	806	689	685	680	804	678	690	810	676	809	680	682	681	681	683	682	683	684	691	695	698	698	680	685	684	683	686	687	684	674	673	674	673	673	674	731	732	730	737	675	739	669	674	668	673	673	676	676	940	706	705	709	708	708	710	775	928	926	927	924	929	781	781	782	779	781	781	914	915	916	781	675	682	676	786	787	784	679	678	783	784	672	788	682	682	680	681	671	671	666	702	871	825	825	824	822	828	823	824	820	820	821	815	818	814	827	822	817	689	826	
820	821	796	807	806	798	800	801	792	797	798	798	821	821	819	821	820	687	688	807	802	803	679	675	809	810	807	808	681	681	687	682	682	697	697	696	685	696	697	681	684	687	686	687	691	687	683	674	686	674	742	741	677	732	731	738	731	738	739	670	737	666	672	673	674	677	682	939	706	681	709	709	942	928	927	922	923	928	780	923	782	924	780	782	785	915	919	916	915	681	676	679	680	787	682	681	682	787	788	787	672	674	683	681	670	670	673	674	694	873	874	696	822	821	829	825	821	821	820	826	814	813	826	834	816	818	825	823	
799	798	799	799	800	807	799	802	800	798	795	796	797	822	822	821	817	689	808	810	796	803	676	677	818	810	809	680	681	678	679	686	688	698	697	694	696	696	697	698	682	683	688	690	680	681	688	685	673	742	737	733	677	731	697	737	739	739	669	738	739	740	673	675	713	714	938	681	680	710	684	943	715	924	923	924	929	711	781	922	923	919	781	919	919	786	919	677	919	914	915	675	680	683	682	683	683	684	789	790	791	792	793	683	672	671	697	697	672	693	695	697	697	698	822	829	821	821	820	825	830	829	826	833	832	833	825	827	
805	805	797	798	812	811	801	799	798	804	797	793	812	823	812	823	816	689	692	693	797	799	678	819	819	810	810	678	682	684	679	673	690	689	685	696	695	695	697	698	698	688	689	686	685	687	681	686	742	741	741	739	732	732	733	733	738	737	668	667	739	742	668	712	713	712	713	939	681	681	685	683	925	714	715	712	712	930	922	923	923	918	785	786	921	919	919	918	675	674	673	674	683	682	682	683	684	788	685	790	791	790	680	794	672	671	698	696	697	687	687	696	826	828	828	828	823	822	821	826	824	824	834	826	834	833	828	826	
804	797	806	809	811	811	810	799	800	799	794	801	801	811	813	813	691	690	691	688	688	798	809	679	820	810	809	811	683	685	788	676	672	690	795	696	686	696	698	697	698	687	688	689	689	686	690	690	740	740	737	740	737	734	735	739	739	739	741	742	741	957	958	957	713	961	711	714	940	684	682	684	715	713	713	714	715	716	924	924	898	918	917	928	910	917	918	925	927	672	673	674	918	863	685	684	685	673	673	684	792	789	674	681	795	671	672	698	699	698	686	699	700	828	829	824	827	823	874	827	825	823	827	825	826	825	826	828	
822	798	798	810	819	818	812	805	800	801	798	800	812	812	810	690	693	804	808	811	810	811	680	680	809	808	811	687	791	684	675	789	788	789	794	795	794	697	700	699	688	689	690	689	690	689	692	689	691	736	741	738	737	736	735	736	737	738	736	737	738	957	956	959	705	706	960	680	685	686	683	684	716	944	715	716	716	717	718	899	899	928	927	909	909	921	919	926	926	676	677	675	864	863	866	684	683	672	673	679	680	680	679	682	681	796	673	692	691	695	699	701	829	830	827	823	822	823	831	828	893	828	893	894	895	825	825	827	
821	822	817	804	818	817	803	804	806	801	803	799	813	799	811	811	812	805	812	811	811	813	812	811	805	792	809	687	790	789	792	790	790	791	792	704	796	701	702	701	689	688	690	688	689	687	688	690	742	743	742	741	739	738	736	738	737	739	968	738	968	959	960	711	705	704	961	684	685	684	682	945	943	776	777	778	717	714	928	719	927	672	922	672	922	791	790	792	927	924	866	865	676	864	864	865	684	674	674	680	679	679	678	678	679	674	687	701	694	695	690	828	702	830	832	830	823	829	830	894	825	895	895	824	824	825	826	827	
819	817	820	819	805	804	801	802	804	807	801	802	798	792	792	792	793	793	811	813	812	811	804	808	810	811	686	684	789	790	791	791	792	793	705	685	685	797	798	700	701	691	690	689	690	688	686	691	742	741	744	740	740	739	958	690	738	740	739	967	692	956	954	706	710	709	962	963	687	686	683	944	777	778	777	716	690	689	929	897	928	671	671	671	673	909	676	791	907	923	925	863	863	864	863	864	673	675	673	681	681	677	678	677	672	674	686	702	696	697	691	691	702	832	831	831	832	833	833	829	824	826	892	825	898	834	866	828	
820	818	820	820	805	804	819	804	801	805	800	807	803	793	809	792	793	792	811	812	813	812	805	805	809	811	685	809	685	688	790	792	793	706	795	832	705	798	799	701	701	692	690	688	692	691	687	688	689	696	742	741	741	957	740	691	689	687	968	968	968	957	957	697	698	713	713	964	964	687	686	945	685	777	777	776	779	690	691	929	898	911	912	670	671	910	676	675	905	906	683	683	684	685	864	681	865	674	678	682	677	682	679	679	675	674	673	685	688	689	829	703	831	833	831	835	833	832	826	825	830	823	834	836	836	832	833	865	
817	818	819	819	805	817	818	822	819	803	806	801	800	795	793	808	809	798	796	812	822	822	812	806	808	809	810	684	689	685	687	688	689	794	795	813	704	800	702	702	701	702	689	702	687	690	693	686	686	743	683	682	679	742	741	742	688	689	969	699	695	694	696	960	714	712	711	712	686	687	688	778	779	780	774	778	774	780	930	909	909	910	670	669	903	911	911	906	904	677	684	868	867	868	682	866	682	683	681	683	684	683	677	678	675	675	676	886	690	879	704	828	830	831	834	835	834	829	831	829	826	902	833	823	835	836	833	834	
817	815	814	816	820	819	821	820	802	818	819	820	802	799	794	795	795	795	797	797	821	813	811	824	807	809	810	824	689	688	684	688	827	797	707	707	812	812	701	703	698	690	703	704	688	688	689	692	685	700	683	683	681	744	742	689	690	689	690	746	745	695	961	959	691	690	713	687	957	957	685	683	781	775	775	776	776	775	908	908	912	674	904	904	910	901	903	677	676	685	676	683	682	868	716	717	868	869	682	712	868	677	870	872	871	864	865	866	887	691	830	829	829	833	834	835	835	833	832	833	823	828	822	823	864	865	866	867	
818	813	814	815	816	818	805	821	800	807	806	810	800	801	802	796	800	796	796	823	798	822	812	813	825	811	827	823	690	689	690	684	829	798	706	813	705	811	702	709	708	721	719	720	705	688	689	688	693	690	684	684	684	743	744	743	692	700	691	698	701	961	960	954	960	954	689	958	958	712	711	712	682	774	773	776	774	770	913	913	915	905	905	903	912	911	766	677	676	677	678	691	692	690	869	873	870	712	711	683	678	872	871	873	864	863	864	865	886	830	830	830	827	835	826	834	833	833	835	836	833	834	900	824	831	896	896	865	
815	814	816	816	817	817	804	800	808	812	808	807	808	802	809	798	799	800	798	799	702	799	820	819	824	821	827	822	824	822	683	685	686	840	799	800	721	719	720	719	719	718	720	721	706	689	689	689	687	692	685	696	683	682	688	690	744	701	705	702	699	745	691	690	692	956	690	957	692	957	710	958	773	772	775	921	769	770	912	912	915	912	904	904	902	764	765	764	768	678	678	690	688	714	874	870	872	723	869	868	710	861	874	863	876	877	864	865	887	831	832	831	832	831	871	825	834	825	824	834	835	834	901	897	895	897	833	864	
813	814	817	818	818	803	803	805	806	808	811	817	818	803	811	799	799	797	815	797	701	679	678	679	825	829	828	823	822	823	687	686	839	839	837	721	720	709	827	828	707	708	719	721	722	723	690	715	714	685	691	691	681	682	687	691	689	706	703	704	746	746	691	691	959	957	958	776	775	693	957	682	683	922	921	922	776	912	911	916	915	915	914	903	903	679	679	677	766	767	691	689	689	689	713	714	722	714	869	868	715	862	862	862	866	875	878	873	866	829	876	833	834	870	870	835	834	870	825	822	903	822	868	902	896	896	873	866	
823	819	815	817	819	804	806	820	806	810	818	816	822	812	810	823	800	796	816	816	814	815	816	819	676	677	820	829	825	686	824	829	839	838	841	844	722	708	703	701	703	718	720	704	703	832	691	691	687	688	686	683	690	686	686	688	707	691	692	702	747	748	963	690	692	958	959	774	776	958	959	684	923	775	922	921	922	914	913	915	916	916	928	902	762	906	678	680	678	713	692	713	711	712	713	715	720	720	720	716	715	716	861	873	872	867	874	872	874	877	877	873	679	844	834	835	869	826	826	825	826	823	867	868	869	868	870	874	
824	822	820	821	806	805	817	809	809	813	813	817	794	811	822	822	824	825	811	800	823	678	820	821	674	677	823	830	824	845	829	845	689	845	690	843	827	709	698	702	700	721	719	721	701	707	714	685	692	688	684	695	684	691	685	688	692	693	739	739	749	748	750	962	693	740	960	775	959	780	960	779	781	783	788	921	923	915	914	919	920	925	899	898	905	759	767	681	767	679	714	712	712	713	678	722	721	719	713	716	718	718	717	874	864	875	668	870	871	872	872	678	678	843	834	836	900	827	828	827	879	878	869	868	875	876	871	876	
822	821	822	822	807	816	817	810	810	818	823	815	793	792	823	824	808	809	799	827	823	824	679	820	818	818	676	677	835	834	847	846	688	689	844	844	699	699	708	700	703	700	701	700	701	705	687	686	687	689	695	694	685	701	686	693	701	693	694	738	708	751	749	751	739	741	708	960	779	781	782	776	780	782	926	926	925	916	918	920	924	924	925	780	779	760	760	762	680	713	713	713	713	712	713	722	721	722	719	719	721	720	721	718	939	669	666	899	871	899	900	679	873	835	833	901	901	898	832	828	824	877	869	870	881	876	877	875	
823	821	816	822	823	808	818	816	811	822	817	816	793	792	791	793	797	798	814	815	826	824	816	817	826	819	819	818	826	683	682	833	689	845	843	805	698	841	699	704	701	704	699	703	703	684	685	695	687	690	696	695	698	697	697	695	694	700	697	698	699	750	751	752	740	740	707	709	749	773	777	783	783	780	925	926	928	924	923	925	923	924	782	781	780	780	761	770	767	766	691	692	876	713	711	680	722	722	723	720	721	720	720	719	719	667	721	945	898	872	897	874	680	834	835	900	901	901	833	901	829	878	878	880	871	876	871	872	
820	817	822	821	820	816	817	818	819	816	819	818	818	792	792	815	817	797	819	815	816	827	825	826	818	816	821	827	837	681	837	834	839	840	845	699	804	840	801	700	697	698	705	704	830	705	694	695	700	697	696	697	696	696	696	700	696	696	699	698	751	752	713	713	712	708	708	710	772	779	778	784	782	783	926	927	925	915	914	924	757	901	782	781	781	779	768	769	880	875	876	875	877	712	721	717	679	721	722	719	718	721	721	939	940	722	723	944	897	665	667	873	874	847	901	847	903	902	903	903	901	877	877	879	875	877	878	873	
819	818	818	818	817	816	817	823	817	818	820	819	820	793	821	816	821	818	798	816	814	819	822	819	826	820	821	822	837	836	836	835	837	838	837	805	805	800	702	699	698	699	805	805	829	830	694	693	702	699	699	698	697	697	701	697	697	693	699	698	752	753	711	712	713	714	748	747	749	748	783	780	781	783	784	927	928	927	914	913	782	902	915	914	780	916	769	771	880	876	878	875	880	720	681	680	722	723	721	720	720	720	940	942	940	723	945	898	665	664	666	681	945	946	846	905	904	904	904	909	902	878	878	878	880	870	879	879	
819	821	819	816	818	824	817	818	822	823	811	829	795	794	821	820	822	799	821	815	815	818	819	839	821	822	820	819	832	835	707	708	838	704	840	700	704	705	799	701	802	806	804	719	832	831	695	707	700	701	716	689	699	702	712	698	699	698	700	699	699	739	703	692	715	714	747	748	750	784	747	754	755	789	758	926	925	928	914	777	781	913	914	913	915	779	770	879	772	883	864	879	875	874	877	719	718	719	724	725	939	943	942	938	941	946	943	946	668	667	665	944	683	682	906	898	903	879	909	907	908	881	880	879	879	878	875	889	
809	820	817	817	818	818	825	818	822	823	864	830	830	822	832	821	822	823	832	816	816	828	819	838	822	820	818	819	831	836	708	841	709	703	704	703	699	800	702	800	717	718	807	831	830	843	843	710	708	838	715	690	712	713	712	714	714	696	697	700	740	702	704	716	749	750	715	752	749	748	753	755	753	770	927	926	794	775	776	782	781	782	912	913	881	882	880	773	773	882	878	863	719	876	878	876	720	721	873	726	938	939	711	710	939	941	944	944	945	669	668	945	682	683	904	897	903	878	908	909	910	878	878	879	873	949	876	878	
817	808	817	817	819	812	819	817	862	863	860	861	831	831	827	822	831	831	818	823	827	814	823	821	837	821	822	817	818	819	708	704	704	704	704	700	846	847	803	718	715	715	704	831	703	705	705	842	709	710	715	714	716	714	711	713	714	697	743	698	703	702	694	750	717	718	744	751	752	756	754	754	774	928	927	793	776	794	777	916	781	913	915	761	772	881	881	772	880	881	870	874	718	785	874	873	721	722	714	874	939	940	941	709	940	939	937	945	954	665	952	940	682	941	898	904	879	879	896	909	866	879	877	880	880	948	875	948	
820	819	820	820	818	811	816	807	862	861	862	865	864	826	828	823	826	825	826	822	826	828	822	824	848	839	818	843	818	706	705	705	703	703	703	702	701	845	848	715	714	716	716	703	706	704	706	719	843	709	711	712	715	715	711	710	711	698	689	695	696	698	699	751	755	751	719	745	751	753	755	775	795	793	797	797	794	795	795	812	813	814	763	764	760	759	882	881	882	761	882	869	868	784	785	873	716	875	875	875	710	882	880	946	944	938	938	952	953	954	953	939	940	939	940	890	905	836	835	836	894	867	897	898	876	881	882	883	
820	819	821	821	821	822	819	808	862	859	865	864	827	827	824	833	833	824	825	822	828	828	825	847	847	841	838	842	707	707	839	838	704	704	703	845	703	801	849	850	720	719	702	714	714	705	711	720	720	721	710	713	713	716	716	712	744	700	688	698	697	697	752	752	752	754	749	750	748	749	755	756	757	794	754	796	797	777	811	813	779	780	815	762	763	883	882	883	760	762	762	868	870	793	874	797	874	792	879	876	939	711	881	945	945	933	953	939	667	953	954	938	940	941	941	836	836	891	836	893	894	896	897	898	882	881	883	884	
822	821	822	810	823	813	820	818	862	858	865	864	828	831	829	827	825	824	823	831	826	827	848	847	846	829	843	708	708	840	837	838	840	703	837	844	801	800	803	706	705	715	715	713	804	715	720	719	720	721	710	720	713	717	717	706	699	751	750	698	750	684	687	757	758	753	751	749	748	751	750	757	758	755	795	796	795	810	811	814	814	781	782	791	763	764	884	764	763	761	761	880	794	871	797	792	791	880	793	878	870	875	875	933	873	931	932	823	940	826	824	938	942	878	943	837	835	837	837	878	880	898	899	874	882	883	892	893	
823	818	817	815	811	816	817	821	859	866	859	863	829	823	830	828	819	866	830	821	821	849	845	847	847	839	847	848	844	707	839	838	839	836	838	802	704	802	801	804	716	849	714	803	805	803	716	810	722	709	719	699	719	678	678	679	752	751	752	753	699	688	691	686	687	750	751	750	752	751	708	751	759	755	756	818	809	796	812	815	815	811	782	884	792	884	765	762	763	889	888	762	882	798	789	794	882	796	792	794	792	880	881	874	932	930	933	825	824	825	839	878	937	946	947	944	836	836	835	879	837	900	839	884	881	902	904	904	
824	824	814	818	811	818	822	818	822	863	862	860	861	824	822	829	870	831	867	820	830	843	848	850	851	838	846	848	708	709	835	841	840	840	707	706	705	705	849	850	717	717	848	849	804	803	708	709	751	710	701	754	755	677	718	753	680	753	752	754	685	684	685	690	691	688	753	753	754	687	752	753	706	707	817	819	779	819	816	816	811	816	814	793	883	882	883	763	888	889	755	887	797	790	799	795	876	881	790	791	793	794	874	823	824	716	826	823	825	844	949	938	947	948	945	946	880	837	878	836	839	838	889	880	880	901	903	905	
825	821	818	817	811	821	820	819	822	827	824	862	867	872	871	872	872	869	832	831	832	822	849	867	852	867	847	709	849	709	846	835	835	708	748	749	747	850	848	681	849	716	849	805	803	806	710	752	710	718	753	752	754	678	679	678	697	754	753	767	686	745	692	687	689	688	687	754	792	687	706	705	706	708	757	820	818	806	764	810	777	793	813	794	792	885	884	797	799	803	802	796	795	793	794	875	798	882	880	792	874	875	876	875	873	872	820	717	845	844	845	842	949	844	949	944	945	879	879	825	839	840	888	889	881	900	900	902	
821	819	820	871	818	870	821	822	823	823	826	868	869	872	871	871	873	833	874	875	833	870	827	826	866	868	845	846	850	851	710	845	842	749	879	747	746	849	849	848	680	681	852	802	804	809	805	807	753	754	810	753	751	749	750	677	691	696	766	768	768	746	693	690	687	689	688	791	686	688	707	760	759	758	760	759	817	943	765	763	809	796	794	793	794	972	796	795	794	800	804	795	794	787	874	875	876	790	876	947	875	876	878	842	842	841	873	940	940	940	846	948	947	951	945	945	883	880	826	826	827	826	886	889	909	901	901	901	
818	820	824	822	825	868	825	826	822	824	825	823	871	870	870	869	871	872	870	868	873	872	846	865	867	846	846	846	873	868	846	846	750	843	751	880	753	747	822	679	847	679	851	853	806	805	808	811	812	809	755	752	721	722	684	692	689	690	695	697	771	772	689	688	689	695	690	685	693	691	761	705	759	760	760	818	818	808	942	764	763	810	762	761	762	969	971	973	797	801	803	802	801	795	788	876	877	792	948	946	877	878	878	877	841	840	817	819	939	844	844	949	948	950	946	882	881	827	827	828	822	912	911	890	890	911	902	911	
823	825	823	869	864	824	825	827	825	816	823	824	827	828	870	870	861	870	870	868	867	846	847	850	845	845	846	848	847	874	847	838	847	843	842	752	754	823	823	679	678	682	810	809	806	812	811	809	813	756	753	685	685	683	688	688	689	698	700	696	772	773	690	699	698	692	696	691	693	692	704	705	706	802	801	819	809	813	941	764	787	762	761	762	762	804	803	972	805	802	799	975	804	802	709	876	877	946	793	948	947	878	877	879	883	842	819	818	829	845	843	840	841	824	824	951	952	826	829	915	914	913	891	890	905	903	910	912	
822	824	821	824	868	825	859	822	815	815	855	826	827	839	871	871	862	871	871	868	870	848	849	844	865	848	849	850	871	873	837	838	842	841	753	751	747	681	747	748	679	680	681	808	805	812	813	810	811	754	694	686	688	687	684	687	689	699	697	699	701	691	690	701	697	699	704	694	693	691	693	694	803	800	820	942	814	810	777	765	786	786	762	806	806	761	804	804	801	802	801	976	974	708	946	875	877	944	947	948	877	878	787	885	884	820	790	828	826	844	844	842	824	823	825	881	953	881	830	916	914	889	892	889	904	911	904	910	
823	821	822	873	868	867	823	858	814	820	854	845	827	845	842	857	872	863	871	872	869	842	842	848	849	866	860	822	875	874	877	838	843	842	751	752	753	749	746	748	680	833	832	806	809	747	807	811	755	693	688	689	690	688	705	702	690	700	695	706	698	700	701	700	699	700	705	705	693	705	703	804	695	716	821	812	813	814	779	778	787	788	760	976	975	805	803	803	791	802	803	973	709	708	708	878	789	788	784	878	879	782	886	786	788	821	822	830	843	844	845	825	825	823	880	882	882	883	896	882	896	903	905	905	890	912	911	910	
869	871	872	867	872	824	854	826	857	821	856	852	844	854	842	856	859	871	831	872	851	841	856	847	849	858	857	859	823	876	875	754	843	752	861	862	753	750	745	749	840	839	839	840	749	748	746	812	692	688	687	688	687	688	689	704	703	701	699	696	697	697	701	698	701	700	706	703	706	704	715	753	715	696	942	701	701	815	779	762	777	761	789	759	792	804	790	805	804	790	803	717	708	707	789	788	789	790	791	951	951	784	883	785	787	787	886	831	846	830	824	826	839	824	824	882	884	884	895	895	897	902	904	904	905	913	917	916	
824	869	870	869	868	855	857	856	825	856	853	853	853	841	855	857	856	832	873	858	842	843	857	825	858	827	826	858	856	857	753	876	755	862	863	861	749	835	836	748	750	834	743	840	750	748	689	699	689	693	694	689	690	687	695	703	702	691	690	699	698	701	699	700	701	701	701	702	705	704	705	714	699	943	949	700	701	816	780	761	762	778	978	760	792	791	705	805	706	707	791	709	718	709	789	709	789	791	791	951	950	948	952	955	786	800	801	803	845	845	831	825	825	825	841	840	883	884	885	894	903	904	903	913	912	905	912	894	
872	872	873	868	869	871	861	871	825	824	857	854	854	842	856	858	855	834	835	857	833	841	842	843	826	857	857	827	858	857	756	859	860	862	861	753	834	750	747	746	747	746	745	744	703	744	745	806	809	810	686	685	687	694	693	694	707	707	706	706	710	700	701	698	703	704	701	703	704	705	703	705	705	944	717	948	701	814	946	762	781	979	791	788	789	790	707	706	784	785	708	786	710	708	708	788	790	789	789	790	952	953	954	787	800	799	801	880	804	847	844	805	828	825	839	851	884	848	851	904	895	904	918	915	904	913	913	893	
871	872	872	871	870	871	872	873	825	827	826	860	855	854	854	859	857	856	855	858	743	857	842	827	822	858	858	855	859	755	835	751	835	754	683	752	731	751	752	744	745	744	728	696	697	746	745	809	808	810	811	692	693	686	697	694	695	702	702	709	701	702	705	706	701	703	702	704	704	704	705	704	721	950	949	951	702	718	945	781	780	781	790	789	787	783	707	786	786	783	785	785	787	710	711	710	788	789	788	708	951	950	784	786	788	801	803	805	801	803	804	824	827	823	824	837	850	847	849	850	905	893	917	907	894	892	889	892	
872	870	870	867	861	872	862	870	869	827	859	855	854	853	854	854	862	863	741	742	858	856	855	823	857	823	824	857	854	855	858	834	755	834	835	682	685	734	733	745	743	729	727	699	697	698	810	811	807	810	693	688	687	698	692	696	694	708	707	710	698	707	705	700	702	703	705	705	718	705	705	720	719	719	950	952	704	717	950	781	791	788	791	705	790	786	787	788	787	706	784	709	708	715	711	704	709	708	707	704	785	786	785	785	787	799	804	803	804	805	825	825	836	825	821	825	850	849	848	849	892	888	905	906	893	893	894	890	
871	871	871	872	868	863	871	871	870	870	857	854	853	856	857	855	862	861	743	743	855	857	855	856	858	825	858	825	858	855	857	916	859	834	862	681	690	690	735	730	746	689	737	718	832	833	811	811	717	811	717	718	720	704	703	708	696	694	709	700	701	709	706	700	705	706	704	705	707	707	706	719	722	717	954	951	953	716	796	795	789	791	791	791	789	791	796	786	708	705	706	705	716	707	716	715	710	718	717	709	786	787	802	842	841	842	825	824	825	826	826	835	837	829	826	827	828	830	849	850	891	906	887	906	913	893	894	892	
872	872	868	867	869	869	864	875	871	854	856	859	886	854	856	885	858	862	860	856	857	740	741	856	909	910	865	848	853	852	858	915	913	861	863	861	682	683	690	689	693	692	736	719	719	812	834	718	813	814	717	721	721	707	706	707	709	695	695	708	709	707	708	707	708	709	707	706	719	706	706	721	721	713	952	953	792	714	715	796	789	792	785	788	789	795	797	798	705	707	707	709	708	708	717	711	711	712	718	713	712	720	803	838	841	840	825	826	825	835	827	836	830	828	894	827	897	829	850	892	893	888	830	831	907	908	909	893	
873	880	872	871	873	868	869	876	869	855	857	854	855	885	884	883	882	856	881	743	741	745	744	743	744	864	853	860	847	855	914	913	914	690	864	862	686	736	737	690	690	695	703	704	718	719	720	694	693	692	718	722	719	707	705	699	696	704	704	707	708	709	710	709	709	708	709	707	701	705	705	722	714	722	712	717	713	791	716	717	797	788	789	788	711	790	798	784	705	706	708	709	707	708	709	710	715	719	710	711	720	719	719	842	841	803	797	824	819	821	822	837	835	829	828	893	896	895	893	894	893	835	829	836	830	906	907	829	
874	879	872	872	872	869	876	868	869	855	858	857	856	885	884	886	858	857	742	743	742	742	744	741	742	911	843	844	845	856	915	916	687	688	692	687	693	687	735	689	696	694	738	702	719	720	813	812	693	704	694	695	710	720	706	728	729	703	704	727	707	708	706	710	708	707	717	718	715	702	704	705	708	706	708	709	714	789	715	716	789	789	788	711	710	791	712	785	786	704	707	708	714	713	714	714	713	713	722	711	722	721	720	721	722	796	797	798	822	826	829	838	836	830	839	838	844	839	896	894	837	834	835	836	837	890	905	908	
879	875	875	874	873	875	877	868	870	857	858	857	857	857	886	885	885	859	887	742	746	751	753	864	912	743	851	850	846	845	845	846	691	690	703	691	687	692	737	739	692	720	703	718	718	721	705	704	705	695	695	705	706	722	723	728	729	704	707	707	725	706	707	707	708	704	708	705	714	713	799	700	797	707	716	715	787	790	790	717	718	790	790	711	712	713	787	711	703	786	705	707	709	731	715	713	732	712	714	721	723	722	721	719	720	797	804	824	834	828	829	830	839	845	840	845	839	845	840	843	836	836	831	832	838	828	906	909	
877	876	876	875	876	876	869	860	859	859	858	850	860	859	861	861	886	886	886	884	887	752	753	752	865	865	851	879	847	847	848	704	703	702	703	686	690	706	738	736	703	704	719	721	722	719	705	704	705	706	711	704	714	724	710	730	700	701	701	708	709	710	711	708	707	705	704	715	712	713	717	715	792	798	715	717	702	701	790	791	719	719	791	713	792	791	786	784	785	704	714	715	708	717	730	731	714	713	723	723	724	723	722	723	720	803	825	833	833	830	833	850	850	846	851	842	841	842	842	844	837	837	830	831	851	852	843	910	
876	874	875	876	876	870	871	870	860	861	877	859	860	859	849	883	886	885	885	886	886	753	751	754	879	866	881	880	884	710	884	694	709	846	693	738	705	707	737	696	705	705	703	694	720	706	705	706	707	706	714	713	695	696	693	711	700	700	729	710	711	711	710	712	706	706	705	706	715	716	716	791	795	714	715	795	704	717	786	792	793	720	791	790	789	790	791	785	705	786	787	709	717	716	712	728	729	729	720	722	722	725	723	730	804	720	804	835	832	835	855	832	849	852	853	844	846	843	845	843	843	831	851	832	852	853	910	909	
875	875	876	875	861	880	871	856	857	882	878	878	846	848	848	873	884	885	749	874	749	875	744	877	876	876	881	848	849	883	709	708	692	693	739	706	737	708	696	695	706	695	695	704	704	703	707	708	707	704	703	713	707	694	692	702	699	728	727	712	711	712	712	707	707	707	705	706	716	717	791	790	795	715	793	794	796	718	783	794	709	712	795	796	789	793	792	793	700	702	710	719	717	722	718	713	730	730	856	722	721	732	726	724	733	805	835	836	834	834	833	854	855	856	845	849	845	846	847	848	832	852	832	833	856	913	914	915	
878	878	886	885	876	879	739	855	883	858	881	881	847	847	872	873	886	748	747	886	873	874	745	882	881	877	877	717	849	881	881	713	702	706	700	695	696	695	691	692	696	698	697	695	705	713	705	699	699	708	722	714	708	693	694	701	698	729	726	728	712	710	711	713	708	704	704	712	718	792	717	716	716	794	794	792	719	702	694	690	691	710	794	789	794	717	794	699	701	719	720	715	716	715	721	719	720	731	855	723	779	722	719	732	732	780	835	857	835	836	854	855	847	846	848	850	851	854	847	833	842	845	856	857	854	855	912	847	
874	889	870	886	878	886	886	738	883	884	880	882	848	849	875	885	883	749	750	874	873	744	875	883	882	713	714	715	850	880	882	712	714	715	705	696	696	694	695	697	695	712	707	712	706	712	706	700	698	723	721	711	705	710	711	695	699	699	710	709	728	712	713	728	730	706	703	712	711	714	716	718	717	795	796	688	794	693	693	710	709	789	787	687	704	705	716	700	704	702	707	717	714	719	718	722	716	732	725	780	957	779	780	701	781	779	835	834	849	848	856	852	846	846	845	851	851	853	853	848	849	858	855	858	858	847	846	846	
874	873	888	889	879	741	740	740	882	883	884	885	886	851	850	884	882	884	884	871	921	918	748	919	712	712	717	716	882	881	883	715	716	706	708	697	697	696	711	711	698	713	701	700	711	721	707	699	699	702	703	710	706	705	703	700	707	706	707	708	713	713	710	729	704	705	704	712	713	717	719	719	706	796	691	692	687	785	786	710	692	712	790	702	703	703	717	718	700	705	706	718	719	717	718	719	857	858	957	956	707	699	700	783	702	780	781	835	835	847	857	847	842	838	843	848	851	854	852	849	859	855	857	859	886	859	849	847	
874	875	874	873	870	890	737	739	739	737	738	877	887	875	851	893	884	883	872	920	750	749	917	918	713	712	713	714	711	710	716	713	714	710	707	707	696	707	696	712	712	714	701	699	710	710	711	707	703	704	711	703	697	696	696	702	700	697	709	714	712	711	730	728	728	706	705	705	795	708	721	706	718	719	692	692	688	687	690	691	713	714	789	703	701	704	702	703	719	717	714	719	718	716	718	719	728	958	705	706	701	727	728	701	784	839	782	857	836	846	846	849	847	841	842	847	850	849	854	853	856	859	858	885	860	848	848	912	
873	876	874	872	869	873	867	740	919	740	739	739	876	919	892	883	882	922	744	871	920	919	918	917	714	713	711	703	703	711	709	715	714	709	708	707	706	707	695	713	711	710	702	703	709	710	711	704	705	710	705	704	708	708	709	701	696	705	711	711	713	794	731	729	797	795	794	794	709	721	723	722	724	723	796	689	689	688	692	691	692	693	694	702	702	703	703	703	706	705	716	719	717	719	725	729	727	728	856	707	700	700	726	727	702	840	858	844	846	847	847	851	850	851	849	848	848	850	853	855	883	859	888	859	886	862	849	913	
874	874	873	874	871	872	740	741	918	917	916	917	740	741	884	891	892	887	743	870	870	919	919	918	918	712	702	702	703	710	711	711	709	881	880	879	880	696	697	712	713	703	711	710	709	713	712	712	709	711	711	712	709	705	710	710	704	711	712	710	712	732	730	732	735	736	795	717	717	722	720	688	722	688	690	690	690	691	689	693	687	695	695	706	704	702	704	704	704	718	719	717	706	724	723	730	731	728	708	700	856	699	701	699	846	847	843	848	846	846	852	852	852	852	848	851	850	851	852	856	881	882	887	888	861	861	863	850	
874	870	875	873	872	875	876	743	742	743	918	917	918	919	919	921	892	921	870	869	870	924	920	920	876	922	701	702	701	714	710	712	720	710	879	880	881	861	863	861	859	726	712	713	714	710	713	712	710	718	717	707	705	709	704	734	711	700	705	708	713	708	712	736	730	734	716	716	796	794	795	729	687	687	692	689	692	691	694	688	689	707	696	707	703	709	710	711	721	720	699	698	706	698	731	729	720	727	710	731	731	702	698	695	847	848	844	849	847	854	847	851	853	847	851	850	841	840	841	852	854	883	888	882	887	888	889	860	
875	866	867	865	874	864	864	744	867	919	920	924	873	919	920	889	922	883	876	879	874	847	921	707	921	888	923	700	700	713	709	710	718	719	712	881	698	864	862	860	858	897	898	899	711	713	711	699	698	718	718	708	704	691	734	733	705	737	706	707	707	712	709	735	736	735	718	717	727	729	728	729	694	693	692	689	690	688	687	688	709	706	708	697	710	707	712	712	705	699	698	722	697	707	718	719	720	728	711	710	730	697	856	713	696	943	943	854	853	848	855	854	852	854	852	850	851	840	853	842	853	849	884	888	883	845	846	859	
876	888	865	888	864	863	867	873	872	920	921	874	872	922	923	921	888	879	878	875	846	847	706	705	922	924	701	702	703	711	720	717	718	711	877	714	713	864	863	899	898	726	713	711	713	714	697	712	716	691	690	691	690	703	692	704	738	740	707	708	708	743	708	736	734	734	645	644	726	691	720	695	695	732	689	691	699	690	689	709	712	708	709	708	698	708	706	706	706	706	703	702	721	722	717	714	721	720	709	707	853	855	849	850	712	942	852	855	891	890	890	862	853	851	851	851	843	776	777	843	848	854	885	885	858	848	858	848	
889	889	889	865	888	889	889	881	873	881	921	857	856	925	924	924	878	887	880	881	857	849	848	706	704	702	702	889	890	883	885	719	719	878	876	712	869	869	858	861	861	727	727	712	715	721	722	697	698	714	690	689	712	694	702	739	747	707	708	709	710	707	744	737	735	738	646	643	727	724	723	696	731	696	690	694	691	698	688	698	710	710	708	709	705	709	706	705	707	708	702	701	703	704	715	713	714	716	721	854	854	855	850	851	854	946	945	851	891	889	891	861	855	861	841	844	841	852	775	774	849	885	888	854	847	857	857	847	
888	888	889	887	890	889	889	867	880	872	874	871	873	924	925	875	877	877	860	858	881	856	858	849	705	878	876	889	890	885	884	712	713	891	877	884	885	868	859	859	860	900	713	714	720	695	720	717	713	712	716	690	695	696	713	748	708	746	717	717	740	738	738	713	737	647	644	647	644	724	720	721	697	720	695	719	720	692	697	699	731	727	712	705	703	706	953	709	708	699	701	699	705	706	706	714	715	713	715	855	707	851	852	852	853	944	851	655	654	721	889	721	860	853	854	842	851	723	776	850	888	887	886	857	856	854	858	859	
889	891	890	888	887	890	892	873	888	873	873	894	892	893	879	878	878	881	921	859	880	859	858	876	878	877	890	869	868	868	886	887	712	889	890	871	883	867	721	860	897	721	720	721	718	719	696	719	719	714	836	715	832	697	712	714	832	833	714	716	717	740	739	735	728	740	818	817	648	642	723	724	734	734	720	695	696	696	698	723	727	726	726	951	704	707	952	705	705	704	704	702	700	701	705	703	716	722	708	711	708	713	852	941	852	851	850	655	654	655	722	721	854	720	854	853	776	777	722	723	887	887	858	856	857	861	860	861	
890	891	892	871	891	873	874	875	876	891	877	893	858	926	879	877	881	880	880	860	881	859	877	859	878	878	875	642	643	887	883	884	887	889	890	869	868	881	720	722	896	721	899	721	719	719	718	720	721	835	717	716	837	718	713	830	832	715	711	715	717	740	742	734	739	649	816	819	641	724	644	732	733	731	694	697	723	724	690	722	727	727	952	725	950	951	706	706	705	708	703	701	704	705	702	704	718	721	715	707	705	707	852	942	649	942	851	851	656	852	716	723	707	721	719	720	778	777	726	723	864	863	861	857	857	857	860	861	
893	891	871	867	871	872	875	885	892	877	863	862	919	920	921	880	881	882	879	880	859	858	858	876	641	874	872	640	870	642	890	889	912	888	914	869	880	869	720	716	717	722	719	720	718	699	721	835	834	722	836	836	717	838	831	829	830	716	710	716	744	743	819	740	741	648	643	641	642	739	642	735	732	734	735	696	693	692	723	691	728	953	726	950	949	950	708	709	710	711	707	709	706	938	703	703	717	720	716	721	720	728	723	648	649	650	852	852	853	720	721	720	721	721	720	723	778	725	723	726	865	865	861	860	855	868	861	869	
888	889	870	869	868	876	884	893	884	864	879	861	921	918	922	878	878	883	925	926	860	857	857	857	859	641	639	871	641	645	645	891	913	887	884	882	884	863	863	717	899	898	720	696	698	698	705	836	836	835	836	834	835	838	837	833	832	832	712	712	714	823	823	742	736	824	642	643	643	740	739	644	645	735	734	690	693	693	722	721	722	727	728	727	950	949	722	708	704	711	708	707	707	937	936	937	704	721	732	719	721	722	652	651	655	655	654	713	714	720	720	719	724	721	722	723	719	722	723	721	725	860	861	856	856	867	868	869	
890	888	889	869	869	869	875	874	885	874	875	925	860	918	917	921	922	879	924	924	924	858	858	877	881	640	637	638	644	645	644	912	879	885	886	883	883	862	718	718	897	719	714	697	701	697	706	707	833	837	711	837	721	836	719	833	831	832	717	713	837	838	822	737	805	806	823	648	644	741	644	643	633	633	632	689	633	694	694	721	720	950	728	952	719	718	721	705	724	705	643	708	938	649	648	935	936	705	733	731	722	724	723	940	941	655	656	861	855	859	721	725	858	723	720	723	721	720	721	871	867	895	895	893	894	893	866	871	
889	891	885	870	871	868	888	887	873	881	875	926	863	863	920	918	920	860	925	925	926	859	924	880	642	636	638	639	651	880	880	884	880	879	880	918	864	863	866	719	720	715	698	701	698	707	698	835	835	836	712	721	720	720	721	833	835	833	716	718	840	721	839	804	806	807	649	645	647	648	633	644	634	633	690	690	634	724	722	724	637	638	949	722	948	949	722	951	705	706	707	711	936	937	934	937	653	652	653	734	732	729	729	659	941	943	715	862	715	715	860	859	856	726	856	723	906	905	722	870	856	857	894	895	892	893	869	870	
890	891	892	893	871	869	870	888	874	880	873	925	926	862	864	924	921	859	860	926	926	927	925	879	879	638	639	650	881	881	880	881	883	879	918	892	891	867	897	720	696	697	902	697	698	699	699	700	837	835	836	713	719	720	721	834	836	717	724	719	839	723	821	840	807	650	646	646	738	739	649	633	634	635	634	632	633	634	723	723	637	951	950	951	950	949	950	951	951	704	711	710	712	651	650	938	651	652	720	721	735	730	660	732	658	942	943	944	716	716	859	860	725	855	722	857	902	907	871	855	871	872	873	894	896	870	894	868	
